# diff_log_u
9.999999351956001536e-02
9.999996220361784260e-02
-9.999989737277414914e-02
-9.999989794546332300e-02
-9.999991699417604130e-02
-9.999989448475998799e-02
9.999998753987263123e-02
9.999998850395706851e-02
9.999998159251197172e-02
9.999998458079123465e-02
9.999998221293320000e-02
9.999998354951122881e-02
9.999999899790260049e-02
1.000000307945047295e-01
1.000000532885395865e-01
1.000000221213735996e-01
-9.999994851533453022e-02
-9.999996521611870248e-02
-9.999992827177484056e-02
-9.999995870604899695e-02
-9.999988747694155133e-02
-9.999993755342312385e-02
-9.999991049135670274e-02
-9.999988274878479633e-02
-9.999988134166737375e-02
-9.999987813148303317e-02
-9.999989048296342720e-02
-9.999991543621677970e-02
-9.999987491606465717e-02
-9.999985365004593341e-02
-9.999995429316665962e-02
-9.999994236193110453e-02
-9.999987268288146325e-02
-9.999993007021568125e-02
-9.999998640585316956e-02
-9.999994390332389571e-02
-9.999995446065801374e-02
-9.999984778616055614e-02
-9.999990923053059255e-02
-9.999986882522926557e-02
-9.999993422005437615e-02
-9.999990211790854566e-02
-9.999989227311056883e-02
-9.999988371670331944e-02
-9.999987878608562752e-02
-9.999993357774916714e-02
9.999991344583880615e-02
9.999992111906719217e-02
9.999996642155720150e-02
1.000000277704242158e-01
9.999993460312406324e-02
9.999993471934354172e-02
1.000000123412626007e-01
9.999994390518107679e-02
9.999998283023081580e-02
9.999986376129088583e-02
9.999995439480979798e-02
1.000000197514419042e-01
9.999998236555063258e-02
9.999985873941152903e-02
9.999994409427381825e-02
9.999995458028143602e-02
9.999999869701850508e-02
9.999999456574990009e-02
9.999996097686741914e-02
1.000000009923330824e-01
1.000000436634655987e-01
1.000000508384671916e-01
1.000000073215357443e-01
9.999989158988142890e-02
9.999986077045752708e-02
9.999993738952683842e-02
-9.999987373333052432e-02
-9.999991457769819014e-02
-9.999995552534168830e-02
-9.999984913223136651e-02
-9.999986107759362142e-02
9.999989885879223550e-02
9.999989459635383326e-02
9.999995348391599315e-02
9.999992225434550797e-02
9.999995032676167739e-02
9.999994321048211177e-02
9.999990655786838989e-02
9.999993314972355218e-02
9.999988999241127274e-02
9.999988831818917845e-02
9.999990656173929349e-02
9.999993117419880839e-02
9.999992644919764029e-02
9.999994814777735108e-02
9.999990613690012964e-02
9.999990013324588922e-02
9.999986795543125417e-02
9.999990586764018197e-02
9.999985710905767711e-02
-9.999987855384584456e-02
-9.999994402143730365e-02
9.999989638122486202e-02
9.999989367824285713e-02
9.999991666805202462e-02
9.999990682350251570e-02
9.999990241264528068e-02
9.999990774843403596e-02
9.999991437884248047e-02
9.999993447576127625e-02
9.999990239486955534e-02
9.999990425374050140e-02
9.999994026719372098e-02
9.999991706358901666e-02
9.999990158957910991e-02
9.999992439161098368e-02
9.999991743775593633e-02
-9.999993190975864366e-02
-9.999993864801060006e-02
-9.999986652463044301e-02
-9.999987392944764686e-02
-9.999987461034010039e-02
-9.999991726601631381e-02
9.999989377154061554e-02
9.999992313552796830e-02
9.999991090078541589e-02
9.999987514224717433e-02
9.999989229527406209e-02
9.999990144119230706e-02
9.999992282572478519e-02
-9.999989042618961932e-02
-9.999992630871157306e-02
-9.999989101975303996e-02
-9.999989476010140432e-02
-9.999991614344705404e-02
-9.999989960830424351e-02
-1.000000111294699068e-01
1.000000296892641083e-01
1.000000286815992123e-01
1.000000492777044780e-01
1.000000227417600085e-01
1.000000508682592770e-01
1.000000314486804709e-01
1.000000025506428969e-01
1.000000020219380392e-01
1.000000338528449217e-01
1.000000148401048727e-01
1.000000298462110360e-01
1.000000204831748563e-01
1.000000218853154543e-01
-9.999991328464197249e-02
-9.999993095040426994e-02
-9.999992249312500414e-02
-9.999992606614110935e-02
-9.999991420462972513e-02
-9.999990427081473232e-02
-9.999992686500480676e-02
-9.999989902350969739e-02
9.999993147956109940e-02
9.999992490078563057e-02
9.999991248411888023e-02
9.999987705042501229e-02
9.999991630513838103e-02
9.999990045493389879e-02
9.999989602218095630e-02
9.999990428733596115e-02
-9.999993118701699935e-02
-9.999990937806924052e-02
-9.999992154568571046e-02
-9.999987876588012359e-02
-9.999989155085386994e-02
-9.999998444796101560e-02
1.000000303471042101e-01
1.000000327119812960e-01
9.999999866331017728e-02
1.000000098811903576e-01
1.000000342474532261e-01
1.000000058139457054e-01
1.000000016727213559e-01
1.000000170353523427e-01
1.000000077017415140e-01
9.999999241896827262e-02
-9.999999198242948140e-02
1.000000313657348761e-01
1.000000384002628084e-01
9.999999851951590912e-02
-9.999978877790205445e-02
-9.999981020601422799e-02
-9.999999246442259349e-02
-9.999999908160228657e-02
9.999993853513045039e-02
9.999982958777797748e-02
9.999997565989326986e-02
9.999983996473638115e-02
9.999995372846726127e-02
9.999982069080548541e-02
1.000000098906603796e-01
9.999990402590830385e-02
9.999978856335145494e-02
1.000000016195383701e-01
-9.999991213042358495e-02
9.999995266314520848e-02
9.999981362772203397e-02
9.999985093693819493e-02
9.999987374218699543e-02
1.000000074710545306e-01
9.999988144279003954e-02
9.999995192104393915e-02
9.999987251094411000e-02
9.999984722190480291e-02
-9.999991976767597102e-02
-9.999992939225932354e-02
-9.999991312869260796e-02
9.999991867525007128e-02
9.999992564728230060e-02
-1.000000570938846256e-01
-1.000000402482809636e-01
-1.000000470211531711e-01
-1.000000485653240179e-01
-1.000000405684606242e-01
1.000000535567660276e-01
9.999999288675198716e-02
9.999993763313286266e-02
9.999995377531245566e-02
9.999999697816921995e-02
1.000000533283838811e-01
1.000000014747840782e-01
9.999990182337026301e-02
9.999990463911517802e-02
9.999990360486360474e-02
-1.000000471902861843e-01
-1.000000242020184782e-01
-9.999998349774930073e-02
-1.000000061984516186e-01
-9.999991288848025794e-02
9.999990164054162189e-02
9.999990116263463014e-02
9.999990109280842976e-02
9.999990227885585670e-02
9.999989406309045537e-02
-9.999990238425443545e-02
-9.999992234195254071e-02
-9.999989536333853124e-02
-9.999989503968564897e-02
-9.999990384158308210e-02
-9.999995639633763034e-02
-9.999988249599311985e-02
-9.999988433114315178e-02
-9.999993283502450758e-02
-9.999992740327423579e-02
-9.999991193283064295e-02
-9.999989814566179192e-02
-9.999988604568543771e-02
-9.999992409886260258e-02
-9.999990763654931225e-02
-9.999990256915902709e-02
-9.999989463720149185e-02
-9.999989656620800194e-02
-9.999989348765309094e-02
-9.999989042310303278e-02
9.999995450432919153e-02
9.999998125988163178e-02
9.999990528017610458e-02
9.999991088902637770e-02
9.999989355035909799e-02
9.999991000961294674e-02
9.999988911278512305e-02
9.999990607698805434e-02
9.999990829413119009e-02
9.999988067717624496e-02
9.999991747466485670e-02
9.999989928235819558e-02
9.999987685934885739e-02
9.999992761400355867e-02
9.999991689815768137e-02
9.999988020916950049e-02
9.999990553635568213e-02
9.999990042181938765e-02
9.999991915134676113e-02
9.999991003261615719e-02
9.999989385081625715e-02
9.999990009558218373e-02
9.999990253100815574e-02
-9.999985375894748785e-02
-9.999995537585149030e-02
-9.999989445038748315e-02
-9.999996201625771519e-02
-9.999993299090981225e-02
-9.999985931817945151e-02
