# diff_log_y
1.351045726144308734e-01
6.249801930806619943e-02
-1.093784512643640738e-01
-2.681945945964736566e-01
-3.867452566270246361e-01
-8.826713717530854098e-03
-7.064926408101390720e-02
-3.416471194680420487e-01
-5.094854343245516226e-01
-6.257743421986465826e-01
-7.454157594161852085e-01
-8.258691893430992748e-01
-8.478335605325348912e-01
-9.554905261281486650e-01
-8.538555689653068992e-01
7.476287612975668351e-03
7.911954473018928402e-02
1.368917061420817927e-01
1.794870841685926033e-01
2.117681530817011604e-01
2.310946567423589060e-01
3.932851865778952405e-01
5.112040420187792256e-01
5.947240282989294524e-01
6.567065208389794018e-01
-1.500824542006717888e-02
1.718988093152495900e-02
3.039970185547602455e-02
3.076493198184711009e-01
4.927667165389415516e-01
5.880556425371790130e-01
6.279814752658190447e-01
6.450086456425274672e-01
6.530066240956116097e-01
6.563488014782656865e-01
-6.603579140950444071e-03
-2.099754083266880400e-02
-3.351538491111072382e-02
-4.536707460052902263e-02
-5.221584297591808088e-02
-5.481290621619239189e-02
-5.305667460164031901e-02
-1.280425765212431788e-01
-2.146312089212036867e-01
-2.973939406282077869e-01
-1.613857387937289722e-02
-6.151209163916337985e-02
-9.662986738526369024e-02
-1.163948460989054912e-01
-5.376206622525614431e-01
-9.475936299494690518e-01
-1.274413661964588940e+00
-1.496550360310462846e+00
-1.618277508685847854e+00
-1.711671329476288639e+00
2.630882304946535744e-02
-3.987194190129538240e-01
-6.693002625544985928e-01
-7.890475865182555726e-01
-8.357848107097700652e-01
-8.534557584808661890e-01
-8.582477412298543662e-01
-8.548281464571860777e-01
-8.110916796281992802e-01
-6.700521738536282523e-01
1.302649484208973085e-02
1.397355740854013817e-01
2.481688641640134030e-01
3.332293086216150391e-01
3.785171439632369905e-01
1.677914711770692735e-01
6.479345074870135335e-04
-9.572681846753527957e-02
-1.492274127457555721e-01
-1.844492273294469076e-01
-1.941677466267321961e-02
-3.281071455953066263e-02
5.883423268067656808e-01
1.453729757997693550e+00
2.061846425924578785e+00
2.405945947033206522e+00
2.602434775833920355e+00
2.694967269186701930e+00
2.753171948151544868e+00
2.278780640232703103e+00
4.341711370284528915e-02
-4.574053776607112098e-01
-7.896644996157311525e-01
-9.979767374328080143e-01
-1.137429896025393239e+00
-1.221104471132896219e+00
-1.371819733419804566e+00
-1.477154725303656102e+00
-1.541990005347168680e+00
-1.579402910066158183e+00
-1.898541683911458833e-03
-1.349208964480519413e-02
-2.151387887945510613e-02
3.556501117309071036e-01
8.445925424148668093e-01
1.258856121422759600e+00
1.540623281697590663e+00
1.733934281968653179e+00
1.864193126293530289e+00
1.959291290002090014e+00
2.621131800430215320e-02
-3.847257419973411086e-01
-6.661021865561784772e-01
-8.354452810104493476e-01
-9.525200262665358686e-01
-1.036174267705408436e+00
-1.077426077361837375e+00
-4.134137603168488995e-01
2.453000284644268336e-01
6.635113841940909474e-01
-1.059209968497354382e-02
1.365786755460867141e-01
2.254092355910450873e-01
2.740594266705975723e-01
-2.478611241765271700e-01
-9.311137445343071750e-01
-1.450031787777348757e+00
-1.771569850372513688e+00
-1.965880600278959722e+00
-2.103829128791856462e+00
-4.875475662570183388e-03
-3.148946811487340902e-02
-4.305253854456370100e-02
-4.352327777546638465e-02
-4.177657661352451868e-02
-4.074281408884128375e-02
-4.116445240781252402e-02
-4.203593264731431134e-02
6.182703834864167192e-02
1.661125391415932961e-01
-2.519137928390646763e-04
7.716214150729794330e-02
1.168431711839559295e-01
1.442464034753636604e-01
1.613973176243019836e-01
4.155581184168430364e-01
6.543201586803775172e-01
8.355403603666161638e-01
9.570761467576794912e-01
1.046965560627578284e+00
1.304273867937300047e-02
4.634938695972146139e-02
1.850625941564624788e-01
2.979099937686415789e-01
3.733784461560519796e-01
4.161900340960152933e-01
4.624442154107328840e-01
4.639198134312020327e-01
4.763448778213740242e-01
-1.513492494163876101e-02
3.624439923034128430e-03
-2.997331101817342081e-01
-4.996710494085284671e-01
-6.262114487023061615e-01
-7.072187450915068396e-01
-7.574794158183636439e-01
-2.100772749152927110e-01
3.676598624804544579e-01
7.734301585695882997e-01
1.022536274392401578e+00
7.067105508906323941e-03
1.185438164541385841e-01
1.674676058468667073e-01
-1.804170989508727674e-01
-5.464936551608770010e-01
-8.314867287603483481e-01
-9.964275042358909928e-01
-1.107947972079635690e+00
-1.206223187249429118e+00
-1.236218181977228880e+00
2.621906410584118330e-02
-1.860449390357121757e-03
-1.221294744182871428e-02
8.168208209670679842e-04
-2.620071169740800787e-02
-7.062419149856574707e-02
-1.103121897044001543e-01
9.498666017728750743e-01
1.647097994184739012e+00
1.837213784110765857e+00
1.610373325795300126e-02
-8.238512438537526350e-02
-1.762186845068109964e-01
-2.475309739358737549e-01
-2.923475468469005634e-01
-3.232126441876987943e-01
-3.420821257069688315e-01
-3.689034779554758448e-01
-3.884810671865628340e-01
-3.949797567431820866e-01
-1.479465947159868122e-01
2.600603754784347466e-01
-6.367796557904238375e-01
-1.645578651815423399e+00
-2.240646560814341992e+00
-2.525292006234335584e+00
-2.650677757640095500e+00
-2.696821353978746671e+00
-2.072074304964629299e+00
-1.003956191409210774e+00
4.858327081001223569e-02
4.002932883788969942e-01
5.457939260594193431e-01
5.927152176523224902e-01
6.028975135605469937e-01
3.909976840480566818e-01
-1.289206347961907584e-01
-6.145592437833021782e-01
-9.611209664472800673e-01
-1.199458251120628871e+00
-7.971918350928364205e-03
-1.126259631853528953e-01
-1.470154879034326623e-01
-1.817550590725095505e-01
-2.259185267349046455e-01
-2.564358973473148673e-01
-2.616857106389045562e-01
-2.417128107799848546e-01
-2.511307640177549150e-01
-2.976593373318047187e-01
1.863291168652214669e-02
-1.786649689648034389e-03
-6.489557754017827307e-03
-1.895564888734002640e-02
-3.916296200661906202e-02
-4.860716227602779327e-02
3.726311446678953754e-01
7.895516043255812466e-01
1.069496122557085371e+00
1.260925262513499678e+00
1.212452170751754377e-02
8.480812467842868685e-02
1.416541588447806088e-01
4.094177060224246656e-01
5.799609036350370506e-01
6.844869044120169832e-01
7.529307849671365016e-01
7.929358273713800198e-01
8.068193879452916217e-01
8.216122508846483985e-01
-2.183264042862997911e-02
-6.179886477228890840e-02
-9.619575608868613514e-02
-1.161797269192159643e-01
-1.397332754784312847e-01
-1.546255801625044946e-01
-1.695917204826138391e-01
-2.973609820149700766e-01
-4.340696593612589638e-01
-5.463886249811790163e-01
-1.905137217093610946e-02
-8.452859518449173937e-02
-1.241050761980181383e-01
-1.513609612789327263e-01
-6.903011959001645881e-01
-1.170597613124439551e+00
-1.494958731757509707e+00
-1.685180331786693575e+00
-1.802860985443280217e+00
-1.878180562589302882e+00
1.500359351902069704e-03
5.532315128712461672e-01
1.178433246592984762e+00
1.605673597592607971e+00
1.888968448234508823e+00
2.062346073262631752e+00
2.156531363222256914e+00
2.214604795608983157e+00
2.148198569719886208e+00
2.067888651067967931e+00
1.904227088044430083e-02
-1.152292680028688121e-02
-3.804923643554025681e-02
-6.063383524826670978e-02
-5.551779246564003678e-02
-8.589168267843783067e-01
-1.567841291701130402e+00
-1.967248676045417755e+00
-2.163167414324077775e+00
-2.254670143049439801e+00
