# log_u
-3.011898542211209895e-01
-3.299734721113403157e-01
-3.601983560203990686e-01
-3.791216976756456858e-01
-3.579769904975079187e-01
-3.791737955958827122e-01
3.678394013918926536e-02
-1.156531465818909192e-02
1.204818241753594608e-02
2.007794581004356677e-02
1.725722541913161587e-02
4.482130765521728441e-03
5.422049264981774336e-02
-1.984847183016572869e-01
-2.151669036765896659e-01
-1.890101713618673740e-01
-2.123945810657354161e-01
-2.144733955607825426e-01
-2.201024057507471321e-01
-2.088450546740016622e-01
-5.416091852083001479e-01
-4.988539485740488000e-01
-5.136024893346931020e-01
-5.242904643505194029e-01
-5.310953492377088470e-01
-5.394941237339039297e-01
-5.144700549477921880e-01
-1.304922569915345720e+00
-1.315520673904430948e+00
-1.349077394923257289e+00
-1.311786125113571622e+00
-1.298045478284736376e+00
-1.296560200215983283e+00
-1.281804655386632463e+00
-9.853575604004822797e-01
-1.037366589376095050e+00
-1.029010484458409369e+00
-1.012961563689974698e+00
-1.031831855944335130e+00
-1.045568263575283430e+00
-1.069071024871132147e+00
-5.938800002449149407e-01
-6.072763328169162866e-01
-5.671057314223042489e-01
-5.894182582874312182e-01
-5.793593832481175321e-01
-5.728759257711256714e-01
-5.899701283334226609e-01
2.137329556556217536e-01
1.776115258985516143e-01
2.369989751087137053e-01
2.268249091641708626e-01
1.775396283237917205e-01
2.105273509690102074e-01
2.046376578844145699e-01
2.081521313530579231e+00
2.112849662609584733e+00
2.090206984795677236e+00
2.041416090479908352e+00
2.076913164255583588e+00
2.113490780469324815e+00
2.075554320932413876e+00
1.952318502581359139e-01
1.829902822477571800e-01
2.021156284033968631e-01
1.847501327604897936e-01
1.617897550731066669e-01
1.550406245632204305e-01
1.877570019462712625e-01
1.138190520931480876e+00
1.173197432511097649e+00
1.158890810634459978e+00
1.135830609893608845e+00
1.177192101886963327e+00
1.126489690174999891e+00
1.160142962268522870e+00
-1.128712697668744269e+00
-1.146455162950283935e+00
-1.145783175922647779e+00
-1.128912020897246071e+00
-1.165203827359936328e+00
-1.099406645692667439e+00
-1.145544329120516291e+00
5.731793026744619324e-01
5.525619698501543775e-01
5.490681675446675847e-01
5.539493127888359680e-01
5.433952789088417612e-01
5.745739671412308791e-01
5.408656975017606117e-01
1.077290968295093743e+00
1.070278047010988054e+00
1.077761416166192587e+00
1.048623717745557515e+00
1.080381749825414017e+00
1.030431198913586366e+00
1.044155571608045063e+00
-4.339668356874250010e-01
-3.949651337602989587e-01
-4.465418050418445417e-01
-4.181113363457863996e-01
-4.319870195840463389e-01
-4.338971950266284350e-01
-4.531873197719783475e-01
3.872520826151760742e-01
4.176127016135636749e-01
4.150142692054722415e-01
3.741475645515726089e-01
4.005032421440001267e-01
4.158809656764317353e-01
3.807216913135580971e-01
-1.009764691084726218e+00
-1.030516756465160721e+00
-1.020426246068756981e+00
-1.015001620609496724e+00
-1.052836217841214284e+00
-1.065745145983272080e+00
-1.052460700493419665e+00
6.810085899802497122e-01
6.854095567594652438e-01
7.169000917417913676e-01
6.672182616494160001e-01
6.553843912342481870e-01
7.405247811666400004e-01
6.726024778808596949e-01
5.734650310736587597e-01
5.631583786998102248e-01
5.312313654223285164e-01
5.281708104380880009e-01
5.303001305083924199e-01
5.356099720669089681e-01
5.375148603741428666e-01
1.707746706438970918e-01
1.633679212270261749e-01
1.687237273933061832e-01
1.255208297525231831e-01
1.603446911845552991e-01
1.540457932098046878e-01
1.581182701813396707e-01
-1.651629443641118300e-01
-1.741099586440617575e-01
-1.951395298812682311e-01
-1.847012474522378989e-01
-2.018005386433797677e-01
-1.768578331858306485e-01
-1.774168963536420229e-01
-4.307476195599014845e-01
-4.254652594602097437e-01
-4.227957546919335896e-01
-4.039825582745266153e-01
-4.485376977567350210e-01
-3.674129549306165421e-01
-4.130167738796240995e-01
5.102565828499562306e-01
5.242186516274335295e-01
4.907260334465349261e-01
5.168769877119565592e-01
5.088793911189780639e-01
5.077595594028694315e-01
5.069823306852028200e-01
-7.466397795403999504e-01
-7.679373618488288811e-01
-7.784146400982308034e-01
-7.581208300819222146e-01
-7.840275595334158520e-01
-8.079318066818127475e-01
-7.373218071147650265e-01
9.604146117449299802e-02
8.885785286784635140e-02
1.033295453300490385e-01
6.406490042364203219e-02
6.988641525632947882e-02
9.451397212881325338e-02
5.178229823459250258e-02
5.686428379633381991e-02
7.042399729455793567e-02
5.869491522230023406e-02
4.335373802117149789e-02
8.039017933532521809e-02
1.027905716759139887e-01
1.105469021648464445e-01
-2.045280073592758097e+00
-2.048885222895071578e+00
-2.058519696248453545e+00
-2.059969098950982680e+00
-2.089292908633241463e+00
-2.064311299847996661e+00
-2.051898165998300438e+00
-2.023184132077739950e+00
-2.024388487044204155e+00
-2.013546515923291480e+00
-2.064622079830820134e+00
-2.056983099337681864e+00
-2.031902789462920023e+00
-2.054384592335324111e+00
2.152278564740935263e+00
2.161869056570120851e+00
2.207288455616273737e+00
2.153962226319787732e+00
2.141312414459179969e+00
2.198295862570679216e+00
2.216740266958266758e+00
-1.515759802516703614e+00
-1.480815338693199701e+00
-1.533262220685992938e+00
-1.512197913933330584e+00
-1.529250487451257134e+00
-1.498069380796034133e+00
-1.502955905047576923e+00
2.342700221778688252e-01
2.408751933235886711e-01
2.355707322285434391e-01
2.177906423958601567e-01
2.269830339481856418e-01
2.201923751706439947e-01
2.205605748668805766e-01
1.519108117500882205e-01
1.856127690875827296e-01
2.216120330299378161e-01
2.149173423958758988e-01
1.830499142824356384e-01
1.444500389872899471e-01
1.961707100425499062e-01
2.761152116734101325e-01
2.841096520358420974e-01
2.642275999332681091e-01
2.454131181074157009e-01
2.732651237274701383e-01
2.997755004845962246e-01
2.827148112054325146e-01
-4.833171285086144686e-01
-4.964007109285665242e-01
-4.624605442156894397e-01
-4.792889619238783760e-01
-4.903584397143874729e-01
-4.529557420416823743e-01
-4.800086639952926837e-01
-1.079282742910733006e+00
-1.007517347068302094e+00
-1.035710225161425191e+00
-1.063496113614471605e+00
-1.054931231233362077e+00
-9.957162363165679153e-01
-1.040942689216220129e+00
-7.877244071269811077e-01
-7.717944155914157056e-01
-7.602707074595643766e-01
-7.837435668010850343e-01
-7.425820417306512322e-01
-7.571992083436117627e-01
-7.379046052456833538e-01
-3.498580178390898743e-01
-3.210792343434351048e-01
-3.062211355764311582e-01
-3.166855089056879735e-01
-2.914742373463671821e-01
-3.111843667453112472e-01
-3.084486446138016147e-01
6.885475509843197450e-01
6.751402553936274309e-01
7.205991259770762047e-01
6.682590192430115650e-01
6.760305321442339199e-01
6.809577927450334300e-01
6.614735685926180775e-01
-7.616910098847873289e-01
-7.995045909556524055e-01
-7.623223012827854417e-01
-7.982429584290204883e-01
-7.867354980447591739e-01
-7.481981042493844880e-01
-7.492041343595601255e-01
-4.327307054497620542e-01
-4.055329519126030791e-01
-4.372237171879220785e-01
-4.416106993316273877e-01
-4.266321253247389866e-01
-4.187290921140910949e-01
-4.601851084674400405e-01
1.823983141570226785e+00
1.787643840988339283e+00
1.813337315867623811e+00
1.813833532496604395e+00
1.829689531074405906e+00
1.762412025913638436e+00
