# log_y
1.406162500381469727e+00
1.406020402908325195e+00
1.405814409255981445e+00
1.405561685562133789e+00
1.405273199081420898e+00
9.328309893608093262e-01
9.335637688636779785e-01
9.342661499977111816e-01
9.349536895751953125e-01
9.356271028518676758e-01
9.362887144088745117e-01
9.369392395019531250e-01
9.375886917114257812e-01
9.381922483444213867e-01
9.387935400009155273e-01
1.921726316213607788e-01
1.904017478227615356e-01
1.887659281492233276e-01
1.872002333402633667e-01
1.856902092695236206e-01
1.826761513948440552e-01
1.797948628664016724e-01
1.767885833978652954e-01
1.736790835857391357e-01
1.704047769308090210e-01
8.848312497138977051e-01
8.850558996200561523e-01
8.847876191139221191e-01
8.844984173774719238e-01
8.841914534568786621e-01
8.839083909988403320e-01
8.836376070976257324e-01
8.833727240562438965e-01
8.831211924552917480e-01
8.830276131629943848e-01
1.533140659332275391e+00
1.533358335494995117e+00
1.533538818359375000e+00
1.533692836761474609e+00
1.533824205398559570e+00
1.533938407897949219e+00
1.533990859985351562e+00
1.534028768539428711e+00
1.534049987792968750e+00
1.534062385559082031e+00
1.193902015686035156e+00
1.194468021392822266e+00
1.195002079010009766e+00
1.195797681808471680e+00
1.196554183959960938e+00
1.197314500808715820e+00
1.198058366775512695e+00
1.198775768280029297e+00
1.199497699737548828e+00
1.200211524963378906e+00
-5.997040271759033203e-01
-5.963730812072753906e-01
-5.938671827316284180e-01
-5.921075344085693359e-01
-5.904884934425354004e-01
-5.889572501182556152e-01
-5.878628492355346680e-01
-5.901138186454772949e-01
-5.933294892311096191e-01
-5.969164967536926270e-01
-1.135347127914428711e+00
-1.135839462280273438e+00
-1.136342525482177734e+00
-1.136795997619628906e+00
-1.137242078781127930e+00
-1.137651443481445312e+00
-1.138025999069213867e+00
-1.138363122940063477e+00
-1.138679027557373047e+00
-1.138974428176879883e+00
-1.322363615036010742e+00
-1.322459220886230469e+00
-1.322539806365966797e+00
-1.322606801986694336e+00
-1.322660207748413086e+00
-1.322699546813964844e+00
-1.322729349136352539e+00
-1.322747707366943359e+00
-1.322819471359252930e+00
-1.322882652282714844e+00
2.639175355434417725e-01
2.672131955623626709e-01
2.700978815555572510e-01
2.727255523204803467e-01
2.750015854835510254e-01
2.781096100807189941e-01
2.810974121093750000e-01
2.838923335075378418e-01
2.864246666431427002e-01
2.888371348381042480e-01
-1.312998056411743164e+00
-1.312996149063110352e+00
-1.312955856323242188e+00
-1.312934398651123047e+00
-1.312918186187744141e+00
-1.312906742095947266e+00
-1.312896728515625000e+00
-1.312887430191040039e+00
-1.312878370285034180e+00
-1.312898159027099609e+00
2.016749382019042969e-01
2.042415738105773926e-01
2.069643735885620117e-01
2.099621742963790894e-01
2.131914496421813965e-01
2.165063917636871338e-01
2.145051062107086182e-01
2.134346216917037964e-01
2.109155505895614624e-01
2.086990028619766235e-01
1.121802806854248047e+00
1.121789216995239258e+00
1.121909141540527344e+00
1.122876167297363281e+00
1.123867750167846680e+00
1.124833822250366211e+00
1.125750780105590820e+00
1.126643896102905273e+00
1.127560615539550781e+00
1.128425598144531250e+00
-1.045990228652954102e+00
-1.046168327331542969e+00
-1.046379566192626953e+00
-1.046594619750976562e+00
-1.046805143356323242e+00
-1.047008991241455078e+00
-1.047205686569213867e+00
-1.047379493713378906e+00
-1.047554492950439453e+00
-1.047724246978759766e+00
-8.056189417839050293e-01
-8.060389757156372070e-01
-8.064640164375305176e-01
-8.068660497665405273e-01
-8.072282671928405762e-01
-8.075681328773498535e-01
-8.078896999359130859e-01
-8.081966042518615723e-01
-8.084897994995117188e-01
-8.087731003761291504e-01
2.758642137050628662e-01
2.750835418701171875e-01
2.742121517658233643e-01
2.732752263545989990e-01
2.723016440868377686e-01
2.712126374244689941e-01
2.701688408851623535e-01
2.690072357654571533e-01
2.693226039409637451e-01
2.700083553791046143e-01
-2.113758623600006104e-01
-2.095961868762969971e-01
-2.079888135194778442e-01
-2.065069377422332764e-01
-2.051372677087783813e-01
-2.063970863819122314e-01
-2.072781771421432495e-01
-2.083356082439422607e-01
-2.089501172304153442e-01
-2.096188962459564209e-01
9.688245654106140137e-01
9.689056277275085449e-01
9.694892764091491699e-01
9.701803326606750488e-01
9.708662629127502441e-01
9.715173840522766113e-01
9.721598029136657715e-01
9.728034138679504395e-01
9.734119772911071777e-01
9.740127921104431152e-01
-3.063844442367553711e-01
-3.050384819507598877e-01
-3.037826418876647949e-01
-3.026024401187896729e-01
-3.014087677001953125e-01
-3.002381324768066406e-01
-2.996799647808074951e-01
-2.989906072616577148e-01
-2.982063293457031250e-01
-2.974016070365905762e-01
1.491661071777343750e+00
1.492812633514404297e+00
1.493979215621948242e+00
1.495116949081420898e+00
1.496216773986816406e+00
1.497288227081298828e+00
1.498333454132080078e+00
1.499359846115112305e+00
1.500367641448974609e+00
1.501356363296508789e+00
1.245617151260375977e+00
1.247701644897460938e+00
1.251501798629760742e+00
1.254631042480468750e+00
1.257462263107299805e+00
1.260617017745971680e+00
1.263638019561767578e+00
1.263942480087280273e+00
1.264350891113281250e+00
1.264745712280273438e+00
9.439018964767456055e-01
9.426658749580383301e-01
9.419326782226562500e-01
9.413472414016723633e-01
9.410745501518249512e-01
9.406766295433044434e-01
9.404921531677246094e-01
9.403229355812072754e-01
9.401332736015319824e-01
9.399415254592895508e-01
-4.074838161468505859e-01
-4.057721197605133057e-01
-4.043699204921722412e-01
-4.031608998775482178e-01
-4.020996689796447754e-01
-4.011564552783966064e-01
-4.003084003925323486e-01
-3.995266854763031006e-01
-3.987947106361389160e-01
-3.981113731861114502e-01
-7.553792595863342285e-01
-7.559084296226501465e-01
-7.564177513122558594e-01
-7.569091320037841797e-01
-7.573775053024291992e-01
-7.577837705612182617e-01
-7.581759095191955566e-01
-7.585513591766357422e-01
-7.589085698127746582e-01
-7.592493295669555664e-01
6.216186285018920898e-01
6.213747262954711914e-01
6.210578680038452148e-01
6.207486391067504883e-01
6.204388737678527832e-01
6.201294064521789551e-01
6.198249459266662598e-01
6.195321679115295410e-01
6.192384362220764160e-01
6.189796328544616699e-01
1.428525447845458984e+00
1.428627967834472656e+00
1.428705215454101562e+00
1.428765058517456055e+00
1.428817510604858398e+00
1.428861379623413086e+00
1.428865671157836914e+00
1.428858995437622070e+00
1.428845882415771484e+00
1.428830862045288086e+00
8.231441974639892578e-01
8.236881494522094727e-01
8.242014646530151367e-01
8.248166441917419434e-01
8.254190683364868164e-01
8.260127305984497070e-01
8.265864253044128418e-01
8.271471261978149414e-01
8.276955485343933105e-01
8.282299041748046875e-01
-1.095853090286254883e+00
-1.095261335372924805e+00
-1.094693660736083984e+00
-1.094241142272949219e+00
-1.093904256820678711e+00
-1.093670368194580078e+00
-1.093522548675537109e+00
-1.093464374542236328e+00
-1.093470096588134766e+00
-1.093526363372802734e+00
9.059716463088989258e-01
9.058148860931396484e-01
9.056912064552307129e-01
9.055853486061096191e-01
9.006302952766418457e-01
8.963654637336730957e-01
8.924975395202636719e-01
8.890457749366760254e-01
8.859055042266845703e-01
8.832947015762329102e-01
