# log_yr
1.541267072995900600e+00
1.468518422216391395e+00
1.296435957991617371e+00
1.137367090965660132e+00
1.018527942454396262e+00
9.240042756432784721e-01
8.629145047826640713e-01
5.926190305296691330e-01
4.254682552506436899e-01
3.098527606532211487e-01
1.908729549926893587e-01
1.110700501588538502e-01
8.975513117889083459e-02
-1.729827778372731301e-02
8.493797103560865591e-02
1.996489192343364472e-01
2.695212925529508197e-01
3.256576342913051203e-01
3.666873175088559700e-01
3.974583623512247810e-01
4.137708081372029612e-01
5.730800494442969129e-01
6.879926254166445210e-01
7.684031118846685882e-01
8.271112977697884228e-01
8.698230042938305262e-01
9.022457805515811113e-01
9.151873209693981437e-01
1.192147737195943025e+00
1.376958169995820214e+00
1.471964033536019345e+00
1.511619082363444777e+00
1.528381369698771364e+00
1.536127816550903358e+00
1.539376414641260071e+00
1.526537080191324947e+00
1.512360794662326313e+00
1.500023433448264276e+00
1.488325762160945587e+00
1.481608362422641489e+00
1.479125501681756827e+00
1.480934185383711243e+00
1.405986192018185532e+00
1.319418778871765063e+00
1.236668444930874244e+00
1.177763441806662259e+00
1.132955929753658886e+00
1.098372211624746075e+00
1.079402835709566189e+00
6.589335217073994944e-01
2.497208708592467963e-01
-7.635529518907616109e-02
-2.977745920304335492e-01
-4.187798089482990260e-01
-5.114598045129097326e-01
-5.733952041264379629e-01
-9.950925002202292147e-01
-1.263167445286127011e+00
-1.381155120926824909e+00
-1.426273304152305466e+00
-1.442413008599121804e+00
-1.446110590465389034e+00
-1.444941965102663373e+00
-1.404421168859308899e+00
-1.266968670607320879e+00
-1.122320633072338980e+00
-9.961038881948720558e-01
-8.881736613181643314e-01
-8.035666889980138672e-01
-7.587249348178909392e-01
-9.698599723043760390e-01
-1.137378064561726854e+00
-1.234089941407598756e+00
-1.287906440303128619e+00
-1.323423655506326790e+00
-1.341780389698683962e+00
-1.355269935445761131e+00
-7.341974795592011160e-01
1.311229560109991310e-01
7.391862181761656991e-01
1.083246400219241679e+00
1.279705426697567816e+00
1.372219561819758571e+00
1.430352476792291938e+00
9.558979879499882593e-01
3.073346492462870616e-01
-1.901921820983485112e-01
-5.195666180601739015e-01
-7.252511851123276676e-01
-8.624283105418422135e-01
-9.429948610521771135e-01
-1.090722321310429566e+00
-1.193262391796118260e+00
-1.255565338704025979e+00
-1.290565775228053935e+00
-1.314896598095654623e+00
-1.326488238707915546e+00
-1.334469735202697294e+00
-9.572842869202159433e-01
-4.683256437728773314e-01
-5.405062067318758962e-02
2.277265531819656075e-01
4.210468517776131958e-01
5.513147560084961096e-01
6.463931309749904042e-01
2.278862562062064501e-01
-1.804841681867636882e-01
-4.591378129676164654e-01
-6.254831067140702583e-01
-7.393285766243544721e-01
-8.196678759417213023e-01
-8.629209711511288683e-01
-1.999791386251451031e-01
4.562155790539882960e-01
8.722103870560675709e-01
1.111210707169274503e+00
1.258367892541325972e+00
1.347318377131572431e+00
1.396935593967960854e+00
8.760066259913195097e-01
1.937200777160590914e-01
-3.242810076717579926e-01
-6.449259542696084146e-01
-8.383199847394090520e-01
-9.754035306473252120e-01
-1.050865704315524285e+00
-1.077657795446416378e+00
-1.089432104737190654e+00
-1.090117897526442947e+00
-1.088581719969847761e+00
-1.087751805330296362e+00
-1.088370138977026391e+00
-1.089415426360693218e+00
-9.857274546017977812e-01
-8.816117078371664695e-01
-8.058708555767440940e-01
-7.288768342083392637e-01
-6.896208452535745881e-01
-6.626196462911768670e-01
-6.458309495685385926e-01
-3.920100144605068171e-01
-1.535695412555355965e-01
2.734375611475459850e-02
1.485863472581677447e-01
2.381924602514491895e-01
2.889069523844358667e-01
3.214329288298386489e-01
4.592747459222858430e-01
5.711852201232405779e-01
6.456800902428897482e-01
6.874026715204842874e-01
7.326130562958952375e-01
7.329270491966591861e-01
7.456674817623377693e-01
2.548734304374658532e-01
-2.077514224369664819e-01
-5.093292970580312051e-01
-7.076598629280063113e-01
-8.327183864445394379e-01
-9.123560128002852210e-01
-9.638765022002758753e-01
-4.173554520574359605e-01
1.593242542365122250e-01
5.644800413391729554e-01
8.129173781464451576e-01
9.758916709195203376e-01
1.087449444181647129e+00
1.136956882256015877e+00
7.897632337098022814e-01
4.243726077518732431e-01
1.400306552919282632e-01
-2.426770132222524565e-02
-1.351445582116853616e-01
-2.328112099583219963e-01
-2.622053898667858207e-01
-2.801653801309141878e-01
-3.068989313411170095e-01
-3.159955893294935092e-01
-3.017856192978226049e-01
-3.276094793976033204e-01
-3.708623239753723877e-01
-4.099921544852076494e-01
6.508759945112173595e-01
1.348891664839035887e+00
1.539812177074175281e+00
1.507764805035296751e+00
1.410427509129029033e+00
1.317760531115137246e+00
1.247585975145547144e+00
1.203869227139915843e+00
1.174075582893600034e+00
1.156251328425111247e+00
1.130456368159636460e+00
1.111886574262411775e+00
1.106376606553326702e+00
1.097670556544389164e+00
1.507762020375895684e+00
6.147221428393369047e-01
-3.909476093349547599e-01
-9.831842977070420764e-01
-1.264674988488363905e+00
-1.387039738078327700e+00
-1.432878873891466176e+00
-8.077234138513479378e-01
2.607895208710627188e-01
9.924851672867578412e-01
1.342959163336935324e+00
1.487726604282075593e+00
1.534062459053994854e+00
1.543972063712371945e+00
1.331674313591361125e+00
8.115715183715338510e-01
3.257636917979050972e-01
-2.098769284574805022e-02
-2.595167256613392648e-01
-4.154557344977789501e-01
-5.183980829458662010e-01
-5.513854083956049035e-01
-5.849159589500577683e-01
-6.280181957145494209e-01
-6.575923526257114737e-01
-6.619941110314369048e-01
-6.412394962562879552e-01
-6.499254746538938310e-01
-6.957707105179161688e-01
-7.367463478998120818e-01
-7.576950793122981809e-01
-7.629073090662736867e-01
-7.758647808911242061e-01
-7.965404673090482612e-01
-8.063909328372460550e-01
-3.855447648513001813e-01
3.100024514894549749e-02
3.105875527443107131e-01
5.016759329465440009e-01
6.337431502094096336e-01
7.061828509738998783e-01
7.627120268486258237e-01
1.030166345129175154e+00
1.200399777402889834e+00
1.304616310864195938e+00
1.372755730893802761e+00
1.412467995282909561e+00
1.426057824167368038e+00
1.440591883739110068e+00
1.406692807416829005e+00
1.366829103062183748e+00
1.332509459365415427e+00
1.312585331598240090e+00
1.289084235126427114e+00
1.274235799460908591e+00
1.259273950675223075e+00
1.131498013422651994e+00
9.947762230545125206e-01
8.824422370641090696e-01
8.040928252930531483e-01
7.391595542677177333e-01
7.000963884549969984e-01
6.734556829128092170e-01
1.351178724363222561e-01
-3.445848825259899550e-01
-6.683723064530968649e-01
-8.580332055888785225e-01
-9.751654369088869068e-01
-1.049950658414498195e+00
-1.094352730934352813e+00
-5.420298225016786375e-01
8.373958585690086109e-02
5.114324553196587519e-01
7.950641914138301125e-01
9.686757050680515624e-01
1.063008814546719583e+00
1.121140421066746828e+00
1.054728473131751443e+00
9.743622876951650857e-01
9.250139171893432266e-01
8.942919592928527672e-01
8.676419700196904561e-01
8.449515133578429094e-01
8.451125028110018089e-01
3.744863694929479597e-02
-6.753437521808668409e-01
-1.078202901108741729e+00
-1.277261910097392983e+00
-1.371375441473206891e+00
