# log_u_adv
-2.011898607015609741e-01
-2.299735099077224731e-01
-4.601982533931732178e-01
-4.791215956211090088e-01
-4.579769074916839600e-01
-4.791736900806427002e-01
1.367839276790618896e-01
8.843467384576797485e-02
1.120481640100479126e-01
1.200779303908348083e-01
1.172572076320648193e-01
1.044821143150329590e-01
1.542204916477203369e-01
-9.848468750715255737e-02
-1.151668503880500793e-01
-8.901014924049377441e-02
-3.123945295810699463e-01
-3.144733607769012451e-01
-3.201023340225219727e-01
-3.088450133800506592e-01
-6.416090726852416992e-01
-5.988538861274719238e-01
-6.136023998260498047e-01
-6.242903470993041992e-01
-6.310952305793762207e-01
-6.394940018653869629e-01
-6.144699454307556152e-01
-1.404922485351562500e+00
-1.415520548820495605e+00
-1.449077248573303223e+00
-1.411786079406738281e+00
-1.398045420646667480e+00
-1.396560072898864746e+00
-1.381804585456848145e+00
-1.085357546806335449e+00
-1.137366533279418945e+00
-1.129010438919067383e+00
-1.112961411476135254e+00
-1.131831765174865723e+00
-1.145568132400512695e+00
-1.169070959091186523e+00
-6.938799023628234863e-01
-7.072762250900268555e-01
-6.671056151390075684e-01
-6.894181370735168457e-01
-6.793593168258666992e-01
-4.728760123252868652e-01
-4.899702072143554688e-01
3.137329220771789551e-01
2.776115536689758301e-01
3.369989097118377686e-01
3.268248438835144043e-01
2.775396406650543213e-01
3.105272948741912842e-01
3.046376407146453857e-01
2.181521177291870117e+00
2.212849617004394531e+00
2.190207004547119141e+00
2.141416072845458984e+00
2.176913022994995117e+00
2.213490724563598633e+00
2.175554275512695312e+00
2.952318489551544189e-01
2.829902768135070801e-01
3.021155893802642822e-01
2.847501337528228760e-01
2.617897987365722656e-01
2.550406754016876221e-01
2.877570092678070068e-01
1.238190412521362305e+00
1.273197293281555176e+00
1.258890748023986816e+00
1.035830736160278320e+00
1.077192187309265137e+00
1.026489734649658203e+00
1.060143113136291504e+00
-1.228712558746337891e+00
-1.046455264091491699e+00
-1.045783281326293945e+00
-1.028912067413330078e+00
-1.065203905105590820e+00
-9.994066953659057617e-01
-1.045544385910034180e+00
6.731792092323303223e-01
6.525619029998779297e-01
6.490680575370788574e-01
6.539492011070251465e-01
6.433951854705810547e-01
6.745738983154296875e-01
6.408656239509582520e-01
1.177290916442871094e+00
1.170277953147888184e+00
1.177761316299438477e+00
1.148623585700988770e+00
1.180381655693054199e+00
1.130431056022644043e+00
9.441556930541992188e-01
-5.339667797088623047e-01
-2.949652373790740967e-01
-3.465419113636016846e-01
-3.181114196777343750e-01
-3.319871127605438232e-01
-3.338972926139831543e-01
-3.531874120235443115e-01
4.872519969940185547e-01
5.176126360893249512e-01
5.150141716003417969e-01
4.741474688053131104e-01
5.005031824111938477e-01
5.158808827400207520e-01
4.807215929031372070e-01
-9.097647666931152344e-01
-9.305168390274047852e-01
-1.120426177978515625e+00
-1.115001559257507324e+00
-1.152836084365844727e+00
-1.165745019912719727e+00
-1.152460575103759766e+00
5.810086727142333984e-01
7.854094505310058594e-01
8.169000148773193359e-01
7.672181725502014160e-01
7.553842663764953613e-01
8.405246734619140625e-01
7.726023793220520020e-01
6.734649538993835449e-01
4.631584882736206055e-01
4.312314391136169434e-01
4.281709194183349609e-01
4.303002357482910156e-01
4.356100559234619141e-01
4.375149607658386230e-01
7.077465951442718506e-02
2.633679509162902832e-01
2.687237560749053955e-01
2.255208790302276611e-01
2.603447139263153076e-01
2.540458440780639648e-01
2.581183016300201416e-01
-6.516294181346893311e-02
-7.410995662212371826e-02
-9.513949602842330933e-02
-8.470123261213302612e-02
-1.018005087971687317e-01
-7.685781270265579224e-02
-7.741687446832656860e-02
-5.307475328445434570e-01
-5.254651904106140137e-01
-5.227956771850585938e-01
-5.039824843406677246e-01
-5.485376119613647461e-01
-4.674128592014312744e-01
-5.130167007446289062e-01
4.102566838264465332e-01
6.242185831069946289e-01
5.907259583473205566e-01
6.168769001960754395e-01
6.088792681694030762e-01
6.077594757080078125e-01
6.069822311401367188e-01
-6.466398835182189941e-01
-6.679374575614929199e-01
-8.784145712852478027e-01
-8.581207394599914551e-01
-8.840274810791015625e-01
-9.079316854476928711e-01
-8.373216986656188965e-01
-3.958523273468017578e-03
1.888578832149505615e-01
2.033295780420303345e-01
1.640648990869522095e-01
1.698864251375198364e-01
1.945140063762664795e-01
1.517823040485382080e-01
1.568642854690551758e-01
1.704240143299102783e-01
1.586949229240417480e-01
1.433537304401397705e-01
-1.960981264710426331e-02
2.027906030416488647e-01
2.105469405651092529e-01
-1.945280075073242188e+00
-2.148885011672973633e+00
-2.158519506454467773e+00
-2.159969091415405273e+00
-2.189292907714843750e+00
-1.964311361312866211e+00
-1.951898336410522461e+00
-1.923184156417846680e+00
-1.924388647079467773e+00
-1.913546562194824219e+00
-1.964622259140014648e+00
-1.956983089447021484e+00
-1.931902885437011719e+00
-1.954384803771972656e+00
2.252278566360473633e+00
2.061869144439697266e+00
2.307288408279418945e+00
2.253962039947509766e+00
2.241312265396118164e+00
2.298295736312866211e+00
2.316740274429321289e+00
-1.415759921073913574e+00
-1.380815386772155762e+00
-1.433262348175048828e+00
-1.412198066711425781e+00
-1.629250407218933105e+00
-1.598069310188293457e+00
-1.602955818176269531e+00
3.342699408531188965e-01
3.408751189708709717e-01
1.355706751346588135e-01
1.177906021475791931e-01
1.269829869270324707e-01
1.201923266053199768e-01
1.205605342984199524e-01
2.519108653068542480e-01
2.856127619743347168e-01
3.216119706630706787e-01
3.149172961711883545e-01
2.830499112606048584e-01
2.444500923156738281e-01
2.961707115173339844e-01
3.761151134967803955e-01
3.841095566749572754e-01
3.642275035381317139e-01
1.454130709171295166e-01
1.732650995254516602e-01
1.997755169868469238e-01
1.827148050069808960e-01
-5.833170413970947266e-01
-3.964008092880249023e-01
-3.624606430530548096e-01
-3.792890608310699463e-01
-3.903585374355316162e-01
-3.529558479785919189e-01
-5.800085663795471191e-01
-1.179282665252685547e+00
-1.107517242431640625e+00
-1.135710120201110840e+00
-1.163496017456054688e+00
-1.154931187629699707e+00
-1.095716118812561035e+00
-1.140942573547363281e+00
-8.877243399620056152e-01
-8.717943429946899414e-01
-8.602706193923950195e-01
-8.837434649467468262e-01
-8.425819277763366699e-01
-8.571991324424743652e-01
-8.379045128822326660e-01
-4.498579204082489014e-01
-4.210791289806365967e-01
-4.062210321426391602e-01
-4.166854023933410645e-01
-3.914741277694702148e-01
-2.111844122409820557e-01
-2.084486633539199829e-01
7.885474562644958496e-01
7.751401662826538086e-01
8.205990195274353027e-01
7.682589292526245117e-01
7.760304212570190430e-01
7.809576988220214844e-01
7.614734768867492676e-01
-6.616911292076110840e-01
-6.995046734809875488e-01
-6.623224020004272461e-01
-6.982430815696716309e-01
-6.867355704307556152e-01
-6.481981873512268066e-01
-6.492042541503906250e-01
-3.327307999134063721e-01
-3.055330514907836914e-01
-3.372237980365753174e-01
-3.416107892990112305e-01
-3.266322314739227295e-01
-3.187291920185089111e-01
-3.601852059364318848e-01
1.723983287811279297e+00
1.687643885612487793e+00
1.713337421417236328e+00
1.713833570480346680e+00
1.729689598083496094e+00
1.662412166595458984e+00
