time y_true y_pred u u_adv
0 0.8904557273403733 -0.05639354 0.8387715229696521 0.8487715
1 0.972172983036349 -0.056606635 0.8564590634128069 0.8664591
2 1.0504512504976082 -0.056827307 0.8732664887667168 0.8832665
3 1.1256301308529888 -0.057054065 0.8891557965605892 0.8991558
4 1.1979789325632975 -0.057285145 0.9040913905356044 0.9140914
5 1.2677062060529813 -0.055742122 0.9180401501157187 0.92804015
6 1.3349682136051482 -0.05604773 0.9309714932607593 0.9409715
7 1.3998764025153974 -0.056221776 0.9428574326205218 0.95285743
8 1.4625039676454883 -0.056410916 0.9536726249259866 0.96367264
9 1.5228915963811889 -0.056613207 0.9633944135710799 0.9733944
10 1.5810524889365616 -0.056824476 0.9720028643555725 0.98200285
11 1.6369767427625275 -0.057041682 0.9794807943766975 0.9894808
12 1.6906351833332507 -0.05726292 0.9858137940738403 0.9958138
13 1.7419827159849899 -0.057486758 0.990990242447163 1.0009903
14 1.790961265531283 -0.05771228 0.9950013154872525 1.0050013
15 1.837502362554197 -0.0670457 0.9978409878687642 1.007841
16 1.8815294278607393 -0.066757366 0.999506027976578 1.0095061
17 1.9229597997540508 -0.06652811 0.9999959863481094 1.009996
18 1.9617065425724947 -0.066449404 0.9993131776301425 1.0093132
19 1.997680069411882 -0.06647448 0.9974626561628113 1.0074626
20 2.030789607047318 -0.066569105 0.994452185317139 1.0044522
21 2.0609445267709288 -0.06670979 0.9902922007258275 1.0002922
22 2.0880555611081513 -0.06688112 0.9849957675597354 0.9949958
23 2.1120359231118386 -0.06707267 0.9785785320146864 0.9885785
24 2.1328023421029005 -0.06727757 0.9710586671848775 0.98105866
25 2.1502760272737453 -0.083761394 0.9624568135101963 0.9724568
26 2.164383568444944 -0.082467794 0.9527960139951899 0.96279603
27 2.175057781419603 -0.08149375 0.9421016444072416 0.95210165
28 2.1822385037718077 -0.08094033 0.9304013386706882 0.9404013
29 2.1858733454979107 -0.08067682 0.917724909682143 0.9277249
30 2.1859183977197514 -0.08060692 0.9041042657801667 0.9141043
31 2.1823389015286256 -0.08066577 0.889573323109641 0.8995733
32 2.1751098780735956 -0.08081016 0.874167914127743 0.8841679
33 2.1642167201066203 -0.081011295 0.8579256925042895 0.8679257
34 2.1496557443824864 -0.08124976 0.840886034674408 0.85088605
35 2.1314347035590724 -0.10543956 0.8230899383060115 0.83308995
36 2.109573255541386 -0.104245454 0.804579917948385 0.8145799
37 2.0841033875521133 -0.10347747 0.7853998981313572 0.7953999
38 2.0550697915855847 -0.10307279 0.7655951041870162 0.77559507
39 2.0225301873073698 -0.102923416 0.7452119510677521 0.75521195
40 1.9865555878969237 -0.10295258 0.7242979304355741 0.73429793
41 1.9472305037974107 -0.103106834 0.7029014962981533 0.7129015
42 1.904653078839607 -0.10334925 0.6810719494669206 0.6910719
43 1.8589351527533473 -0.10365386 0.6588593211117737 0.6688593
44 1.8102022436815877 -0.10400285 0.6363142556855731 0.64631426
45 1.758593443983759 -0.11743305 0.6134878934896143 0.6234879
46 1.70426122237592 -0.11697732 0.5904317531486774 0.60043174
47 1.647371125328612 -0.11650632 0.5671976142611105 0.5771976
48 1.5881013706573972 -0.11605035 0.543837400485663 0.5538374
49 1.526642326428482 -0.11560084 0.5204030633225599 0.5304031
50 1.4631958686995017 -0.1151514 0.4969464668414842 0.50694644
51 1.3979746122645553 -0.114697345 0.4735192736038926 0.48351926
52 1.331201009516703 -0.11423516 0.4501728320212771 0.46017283
53 1.2631063138257628 -0.11376242 0.4269580653847873 0.43695804
54 1.193929405498752 -0.11327705 0.4039253627949378 0.41392535
55 1.1239154804854357 -0.12458136 0.38112447221302775 0.39112446
56 1.0533146045446407 -0.12436531 0.3586043958484335 0.3686044
57 0.9823801386179626 -0.12409418 0.33641328808805043 0.34641328
58 0.9113670446667 -0.12380055 0.3145983561659714 0.32459834
59 0.8405300851896228 -0.1234885 0.29320576376294133 0.30320576
60 0.7701219339945689 -0.123162806 0.27228053771630556 0.28228053
61 0.7003912204458358 -0.12282716 0.2518664780120543 0.26186648
62 0.6315805342046316 -0.12248446 0.23200607122120748 0.24200608
63 0.5639244222224448 -0.12213664 0.21274040753320522 0.22274041
64 0.4976474141853191 -0.12178554 0.1941091015291737 0.2041091
65 0.4329621164403205 -0.12479795 0.1761502168279886 0.18615022
66 0.37006741732560333 -0.12465366 0.15890019472793476 0.1689002
67 0.3091468484146708 -0.12446365 0.1423937869565381 0.15239379
68 0.2503671461234464 -0.1242059 0.1266639926307916 0.136664
69 0.19387705610784672 -0.12388577 0.11174199951960129 0.121741995
70 0.13980641867520077 -0.12351208 0.0976571296897965 0.10765713
71 0.08826556694678375 -0.12309101 0.08443678960656648 0.09443679
72 0.03934506080829433 -0.12262725 0.07210642474867879 0.08210643
73 -0.006884230967764412 -0.12213582 0.06068947878835412 0.07068948
74 -0.050370700181514245 -0.121648796 0.05020735737523907 0.06020736
75 -0.09108123296289902 -0.122910865 0.04067939655353253 0.050679393
76 -0.12900013351784143 -0.12281969 0.032122835831036645 0.022122836
77 -0.1641277756480892 -0.12267948 0.02455279590870979 0.014552796
78 -0.19647903015361526 -0.12246603 0.01798226106924905 0.0079822615
79 -0.22608152400032278 -0.122186854 0.012422066213302607 0.0024220664
80 -0.2529737917806573 -0.12185194 0.007880888522174334 -0.002119111
81 -0.2772033812079509 -0.1214692 0.0043652437163130275 -0.005634756
82 -0.29882497217966425 -0.121043965 0.0018794868695116707 -0.008120513
83 -0.31789856364474695 -0.12057994 0.00042581772960342823 -0.009574182
84 -0.33448777470603114 -0.120079935 4.290487521096953e-06 -0.009995709
85 -0.3486582968539919 -0.119773135 0.0006128279279306592 -0.009387172
86 -0.3604765238205168 -0.119663045 0.002247239886249197 -0.00775276
87 -0.3700083750971494 -0.119512886 0.004901245928737752 -0.005098754
88 -0.3773183194086168 -0.11929682 0.008566502164530865 -0.0014334973
89 -0.38246859592399207 -0.11902081 0.013232632090939889 0.0032326328
90 -0.3855186240765697 -0.11869379 0.018887261366150876 0.008887261
91 -0.38652458769958253 -0.118322745 0.025516056396556075 0.015516056
92 -0.38553917574254803 -0.1179122 0.03310276661939793 0.023102766
93 -0.38261145995238766 -0.117465824 0.04162927035519692 0.03162927
94 -0.377786889338387 -0.1169859 0.05107562409856925 0.041075625
95 -0.3711073817038605 -0.117710054 0.061420115110539686 0.051420115
96 -0.362611493730805 -0.11759204 0.07263931717030447 0.06263932
97 -0.35233465278243703 -0.11743379 0.08470814933963283 0.07470815
98 -0.3403094355191269 -0.11721994 0.0975999375886849 0.08759994
99 -0.32656588043089907 -0.11695475 0.11128647912799694 0.10128648
100 -0.3111318233472864 -0.116645575 0.12573810928774193 0.115738116
101 -0.29403324680876236 -0.116298 0.14092377078207963 0.13092376
102 -0.2752946358244241 -0.115915805 0.15681108519354997 0.14681108
103 -0.25493933397652085 -0.11550169 0.1733664265099194 0.16336642
104 -0.23298989506161602 -0.11505754 0.19055499654377572 0.18055499
105 -0.20946842649125264 -0.1166905 0.20834090206340883 0.1983409
106 -0.18439692152995993 -0.11657367 0.22668723346212033 0.21668723
107 -0.1577975781468746 -0.11641422 0.2455561447921185 0.23555614
108 -0.1296931028215029 -0.11620805 0.2649089349884871 0.25490895
109 -0.1001069980956481 -0.115965694 0.2847061301084622 0.2947061
110 -0.06906383302180945 -0.11568499 0.30490756641131844 0.31490755
111 -0.036589495940515145 -0.115370825 0.325472474104604 0.33547246
112 -0.0027114292397678696 -0.115026094 0.34635956158324227 0.35635954
113 0.0325411540787164 -0.114653066 0.367527099989133 0.3775271
114 0.06913707206939827 -0.11428645 0.3889330079203497 0.398933
115 0.10704299369035299 -0.11734127 0.41053493612077696 0.42053494
116 0.14622327669245025 -0.11727163 0.4322903519831498 0.44229034
117 0.18663982335625348 -0.11714943 0.4541566237008249 0.46415663
118 0.22825195383918587 -0.116984874 0.4760911039063213 0.4860911
119 0.2710162968635757 -0.11678116 0.49805121263762003 0.5080512
120 0.31488669745313097 -0.11654331 0.5199945194764961 0.5299945
121 0.3598141414091376 -0.116275445 0.54187882470663 0.5518788
122 0.4057466962066412 -0.11598035 0.5636622393430425 0.5736622
123 0.45262946798377757 -0.11569305 0.5853032638884013 0.59530324
124 0.5004045742932589 -0.11542477 0.6067608656759608 0.61676085
125 0.5490111322830785 -0.118624866 0.6279945546633995 0.6379945
126 0.598385261973073 -0.11865009 0.6489644575464287 0.65896446
127 0.6484601042946827 -0.118609935 0.6696313900659477 0.67963135
128 0.6991658535626281 -0.11852557 0.6899569273875189 0.6999569
129 0.7504298040490311 -0.11840093 0.7099034724371637 0.71990347
130 0.8021764103324662 -0.11824228 0.7294343220828281 0.7394343
131 0.8543273610963542 -0.11805409 0.7485137310563615 0.75851375
132 0.9068016660528826 -0.117839485 0.7671069735164913 0.77710694
133 0.9595157556700712 -0.1176299 0.7851804021590088 0.7951804
134 1.0123835933806071 -0.11743522 0.802701504786234 0.8127015
135 1.0653167999516042 -0.120528385 0.8196389582537573 0.82963896
136 1.1182247896943356 -0.12066193 0.8359626797184798 0.84596264
137 1.1710149181922336 -0.12071602 0.8516438751180286 0.86164385
138 1.2235926412239555 -0.12071995 0.866655084817769 0.8766551
139 1.275861684555998 -0.12067986 0.8809702263677983 0.89097023
140 1.327724224276176 -0.12060352 0.8945646343184754 0.9045646
141 1.3790810773351456 -0.120496124 0.9074150970492786 0.9174151
142 1.4298319019580303 -0.12036183 0.9194998905719483 0.92949986
143 1.47987540758198 -0.1202033 0.930798809275103 0.9407988
144 1.5291095739681106 -0.12005113 0.9412931935836557 0.9512932
145 1.577431879127648 -0.122390814 0.9509659545125162 0.96096593
146 1.6247395356921213 -0.12263231 0.9598015951001435 0.9698016
147 1.6709297353460533 -0.12278165 0.9677862287135495 0.97778624
148 1.7158999009276479 -0.12287217 0.9749075942223299 0.98490757
149 1.7595479457883747 -0.122912176 0.9811550680451739 0.9911551
150 1.801772539985995 -0.12291101 0.9865196730781232 0.9965197
151 1.8424733828672755 -0.122875735 0.990994084519541 1.0009941
152 1.8815514815763352 -0.12281105 0.9945726326123656 1.0045726
153 1.9189094350020515 -0.12272062 0.9972513023296936 1.0072514
154 1.9544517226530846 -0.12260671 0.9990277300351074 1.0090277
155 1.9880849979216977 -0.12387234 0.9999011971543856 1.0099012
156 2.0197183851674625 -0.12419546 0.9998726209003226 1.0098727
157 2.0492637800189835 -0.124417506 0.9989445420973252 1.0089445
158 2.076636152255725 -0.12457155 0.9971211101572406 1.0071211
159 2.1017538505927194 -0.12466751 0.9944080652624956 1.0044081
160 2.1245389086481428 -0.12471687 0.9908127178170864 1.0008128
161 2.144917351327281 -0.1247279 0.9863439252302393 0.9963439
162 2.162819500806045 -0.12470639 0.9810120661016789 0.99101204
163 2.1781802812427875 -0.12465652 0.9748290118813571 0.984829
164 2.190939521288454 -0.124581255 0.9678080960802371 0.97780806
165 2.20104225340199 -0.12433888 0.9599640811122752 0.9699641
166 2.2084390089102 -0.12470785 0.9513131228510834 0.9613131
167 2.2130861076788784 -0.12497175 0.9418727329879277 0.9518727
168 2.214945941184822 -0.12515981 0.9316617392806434 0.9416617
169 2.213987247696449 -0.12528363 0.9207002437858219 0.93070024
170 2.2101853781840894 -0.1253555 0.9090095791691468 0.91900957
171 2.203522551489791 -0.12538467 0.8966122631911063 0.9066123
172 2.1939880971910433 -0.1253779 0.8835319514674305 0.8935319
173 2.181578684493407 -0.12533978 0.869793388605523 0.8797934
174 2.166298535384374 -0.12527348 0.8554223578198725 0.86542237
175 2.14815962017552 -0.12373644 0.8404456291309196 0.8504456
176 2.127181833453218 -0.12409669 0.8248909062531687 0.8348909
177 2.1033931483510893 -0.12435367 0.8087867722793957 0.81878674
178 2.076829746951599 -0.124530725 0.7921626342687068 0.80216265
179 2.047536124521702 -0.12463938 0.7750486668468639 0.78504866
180 2.0155651651905835 -0.12469245 0.7574757549277651 0.7674757
181 1.9809781865891776 -0.1246996 0.7394754356652634 0.7494754
182 1.9438449508947029 -0.12466739 0.7210798397445337 0.7310798
183 1.9042436396628355 -0.12460088 0.7023216321221453 0.71232164
184 1.862260789789978 -0.12450316 0.6832339523236111 0.69323397
185 1.8179911879336936 -0.122544184 0.6638503544067491 0.67385036
186 1.7715377207366698 -0.12283442 0.6442047466984622 0.6542047
187 1.7230111782553361 -0.12303006 0.6243313314116943 0.63433135
188 1.672530008095826 -0.123145044 0.6042645442482878 0.61426455
189 1.6202200179154682 -0.12319033 0.5840389940922279 0.59403896
190 1.5662140241659734 -0.123178124 0.5636894028964092 0.5736894
191 1.5106514452439923 -0.123117544 0.5432505458644874 0.55325055
192 1.453677837584953 -0.123015165 0.5227571920277158 0.53275716
193 1.3954443736960263 -0.12287562 0.502244045314771 0.51224405
194 1.3361072616823084 -0.122702084 0.48174568621062375 0.49174568
195 1.2758271064841382 -0.12088648 0.4612965140983293 0.47129652
196 1.2147682138187255 -0.12106669 0.4409306903753865 0.45093068
197 1.1530978387090618 -0.12116479 0.4206820824338675 0.43068206
198 1.0909853814873947 -0.121185526 0.4005842085910452 0.4105842
199 1.0286015352748044 -0.121137775 0.38067018405457487 0.39067018
200 0.9661173901529342 -0.12103267 0.3609726680035599 0.37097266
201 0.9037035005422711 -0.12087835 0.3415238118639743 0.35152382
202 0.8415289236600172 -0.12068073 0.3223552088539691 0.3323552
203 0.7797602383174853 -0.12044385 0.3034978448715584 0.31349784
204 0.7185605546914164 -0.120170556 0.284982050794064 0.29498205
205 0.6580885270159746 -0.1190376 0.2668374562554802 0.27683744
206 0.5984973823343404 -0.11908679 0.2490929449646978 0.25909296
207 0.5399339794554827 -0.11906849 0.23177661162414598 0.24177662
208 0.4825379130124725 -0.118978724 0.21491572050507457 0.22491573
209 0.42644067794122803 -0.11882432 0.19853666573221257 0.20853667
210 0.37176490972267057 -0.118614554 0.1826649333271131 0.19266494
211 0.3186237152939471 -0.11835638 0.16732506505593792 0.17732507
212 0.26712010858572366 -0.11805467 0.15254062412389674 0.16254063
213 0.217346563151828 -0.11771287 0.13833416275501687 0.14833418
214 0.1693846923191333 -0.11733324 0.12472719169227542 0.1347272
215 0.12330506472427122 -0.117334925 0.11174015164958911 0.12174015
216 0.07916716007806955 -0.11725359 0.09939238674350187 0.10939238
217 0.03701946660219335 -0.11711916 0.08770211992884569 0.097702116
218 -0.003100282057835665 -0.11692109 0.07668643045903167 0.086686425
219 -0.0411647363682718 -0.116663724 0.0663612333880681 0.07636123
220 -0.07715643646005518 -0.11635473 0.05674126112781053 0.06674126
221 -0.11106720664327244 -0.11599944 0.04784004707045486 0.05784005
222 -0.14289745475850352 -0.11559431 0.03966991128273689 0.029669913
223 -0.1726553945706144 -0.11514989 0.03224194827485172 0.022241948
224 -0.2003562110175835 -0.11466735 0.025566016843682815 0.0155660175
225 -0.22602118893358092 -0.11597043 0.019650731986525893 0.009650731
226 -0.24967682584677717 -0.11577411 0.014503458878185271 0.0045034587
227 -0.2713539486376716 -0.11553695 0.010130308901021678 0.00013030879
228 -0.29108685231365017 -0.11524461 0.006536137714334089 -0.003463862
229 -0.30891247703334485 -0.114899114 0.003724545346294461 -0.0062754545
230 -0.32486963695415544 -0.11450627 0.0016978782885765376 -0.008302121
231 -0.33899831164790734 -0.11407012 0.00045723357081378646 -0.009542766
232 -0.35133900790393974 -0.113593556 2.4647890871087874e-06 -0.009997535
233 -0.3619321968738914 -0.11307822 0.00033219005979351346 -0.00966781
234 -0.3708178288421731 -0.11254386 0.001443801867479333 -0.008556198
235 -0.3780349255334517 -0.11527704 0.0033334787725446957 -0.006666521
236 -0.38362124786173396 -0.11501184 0.005996198942133657 -0.004003801
237 -0.38761303541915837 -0.11471277 0.009425755465034102 -0.0005742442
238 -0.39004481280009445 -0.11436589 0.013614773409006242 0.003614774
239 -0.3909492570364933 -0.11397177 0.018554728576665624 0.008554729
240 -0.3903571199443103 -0.11353495 0.024235967913835588 0.014235968
241 -0.38829719899749904 -0.11305848 0.030647731522202182 0.020647733
242 -0.38479635039979787 -0.11254439 0.037778176226095805 0.027778177
243 -0.37987953825941684 -0.112039 0.04561440064135264 0.0356144
244 -0.37356991413584667 -0.11155204 0.05414247169241482 0.04414247
245 -0.36588892167560033 -0.115394354 0.06334745252218327 0.053347453
246 -0.35685642154672415 -0.11511398 0.07321343173754585 0.06321343
247 -0.3464908323901268 -0.11480111 0.08372355393208414 0.073723555
248 -0.3348092840065517 -0.114445135 0.09486005142611709 0.08486006
249 -0.3218277794753837 -0.11404655 0.10660427716299803 0.09660428
250 -0.30756136334512907 -0.113608904 0.11893673869950727 0.10893674
251 -0.29202429343952857 -0.113134995 0.1318371332271398 0.12183713
252 -0.275230214185493 -0.11267264 0.1452843835602382 0.13528438
253 -0.25719232968952815 -0.112229526 0.15925667502612567 0.14925668
254 -0.2379235750698249 -0.111806065 0.17373149319172476 0.16373149
255 -0.21743678479459835 -0.116233975 0.18868566236063727 0.17868565
256 -0.19574485698700558 -0.1159936 0.20409538477414635 0.19409537
257 -0.1728609128366495 -0.11571613 0.21993628044936386 0.20993628
258 -0.1487984504109443 -0.11539748 0.2361834275874205 0.22618343
259 -0.12357149228985889 -0.115038544 0.2528114034845798 0.2428114
260 -0.09719472655795107 -0.11465065 0.2697943258790589 0.2797943
261 -0.06968364078097973 -0.114250995 0.2871058946664996 0.29710588
262 -0.04105464867324328 -0.11386932 0.3047194339171862 0.31471944
263 -0.011325209228330241 -0.11350642 0.32260793412842725 0.33260792
264 0.019486061857913812 -0.11316262 0.34074409464589905 0.3507441
265 0.051359288596110345 -0.11768678 0.35910036618824853 0.36910036
266 0.08427323902779536 -0.117540315 0.3776489934098511 0.38764897
267 0.11820523751601415 -0.11734629 0.39636205743725217 0.40636206
268 0.15313108502414538 -0.117109925 0.415211518315664 0.42521152
269 0.18902498738111365 -0.11683347 0.4341692573026689 0.44416925
270 0.2258594915109756 -0.116521776 0.4532071189472733 0.4632071
271 0.2636054295878001 -0.116196774 0.47229695289344836 0.48229694
272 0.30223187106233645 -0.11588797 0.491410655348417 0.50141066
273 0.3417060824947569 -0.11559612 0.5105202101571109 0.5205202
274 0.38199349511739544 -0.1153217 0.5295977294254613 0.5395977
275 0.4230576800425943 -0.11936325 0.5486154936365498 0.5586155
276 0.46486033102326374 -0.11933538 0.5675459912049774 0.577546
277 0.5073612546673345 -0.11924726 0.586361957416318 0.59636194
278 0.550518368001754 -0.119112805 0.6050364126999951 0.6150364
279 0.5942877032768927 -0.11893613 0.6235427001855081 0.6335427
280 0.6386234198980532 -0.11872366 0.641854522493585 0.6518545
281 0.6834778233670954 -0.118480004 0.6599459777154588 0.66994596
282 0.7288013911139017 -0.118235946 0.6777915945352571 0.6877916
283 0.7745428050944345 -0.11800557 0.6953663664522098 0.7053664
284 0.8206489910293968 -0.11778974 0.7126457850612457 0.72264576
