time y_true y_pred u u_adv diff_y diff_u
0 1.1009453382851284 1.3264501 -0.06545997568718002 -0.02545998 -0.2255047711966831 0.03999999509504841
1 0.8544606566802432 1.3264775 -0.058006294492295205 -0.018006299 -0.472016870938165 0.03999999580126089
2 0.6548921320173299 1.326482 -0.0649337896885831 -0.0049337987 -0.6715899255540813 0.0599999910029132
3 0.5129278412950088 1.3264847 -0.06829322994211674 -0.008293236 -0.8135568388807725 0.05999999426761628
4 0.41553563679911903 1.3264744 -0.03727992640907848 0.0027200729 -0.9109387913777609 0.03999999927456462
5 0.33426692102475825 0.34025028 -0.05669846136787337 0.0033015385 -0.005983362454932306 0.05999999989488524
6 0.2845085442366525 0.3400151 -0.21314319274001797 -0.11314316 -0.05550656911707674 0.10000003180080136
7 0.3243474953888582 0.3397879 -0.19627838046058038 -0.09627835 -0.01544040505898725 0.10000003338559488
8 0.35811018350168133 0.33923873 -0.22580830841921745 -0.2858083 0.018871450448473936 -0.059999986592302934
9 0.39409259623457127 0.33866164 -0.20483644197138012 -0.26483646 0.0554309553520792 -0.060000018380563847
10 0.4116384775973117 0.33808982 -0.2311182162416485 -0.2511182 0.07354865387447235 -0.01999999669666022
11 0.433829658097437 0.3375599 -0.1887549892759773 -0.22875501 0.09626974946897326 -0.040000022878601854
12 0.4319616177439196 0.33701572 -0.17011357404536234 -0.23011361 0.09494589952225518 -0.060000036579904686
13 0.418538735252815 0.33692244 0.7595641967161949 0.8595641 0.08161629830022404 0.09999992882167741
14 -0.07695470887118674 0.3368225 0.7955330674028143 0.7355331 -0.4137772186368117 -0.059999949154828425
15 -0.5063072217092635 -0.50052834 0.7895695756610593 0.7295696 -0.005778886137974393 -0.05999996172749611
16 -0.776554984829508 -0.5019207 0.7745867305750969 0.87458664 -0.27463428475626583 0.0999999112133858
17 -0.9371873912063234 -0.50274354 0.7589381957274925 0.8589381 -0.434443849011957 0.09999990222630384
18 -1.0321770274555466 -0.5033164 0.780587805959544 0.8805877 -0.5288606250202439 0.09999989106956975
19 -1.0945322014816652 -0.5037317 0.7556241129921999 0.855624 -0.5908004738815675 0.09999990710744
20 -1.1309774725481538 -0.5045476 -0.36504308959607057 -0.2650432 -0.6264298765703706 0.09999989053372316
21 -0.7547965181739936 -0.5053175 -0.3905602686817335 -0.29056036 -0.2494790089996467 0.09999990395852792
22 -0.31208550247219735 -0.5064461 -0.3966100536851253 -0.49660996 0.1943606206509716 -0.09999990234095196
23 0.032350431636454915 -0.50750405 -0.4194154890712376 -0.51941544 0.5398544775997423 -0.09999994910396381
24 0.2825424350870767 -0.5083802 -0.39859123902958943 -0.49859115 0.7909226097239175 -0.09999991578417705
25 0.44340181179666305 0.44375357 -0.37955932103139883 -0.4795592 -0.000351758521558998 -0.0999998918916511
26 0.5407446780952622 0.44422337 -0.41684243531361004 -0.51684237 0.09652130396692049 -0.09999992995128254
27 0.620552930479656 0.44457167 -0.3282234727809054 -0.42822337 0.17598125660956931 -0.09999989872483189
28 0.638876531539426 0.44481522 -0.34490462864460536 -0.44490454 0.1940613130907871 -0.09999990736422948
29 0.6511428355084822 0.4450091 -0.2957660093461219 -0.3957659 0.20613372315038891 -0.09999989126575554
30 0.6391219896725381 0.44515705 -0.32731310544676295 -0.427313 0.1939649385861123 -0.09999989451699742
31 0.6404167912352164 0.4452803 -0.3131394727644158 -0.41313937 0.19513647774339515 -0.09999990029962535
32 0.6375685542060991 0.44538113 -0.30598696077744447 -0.40598688 0.19218741945764029 -0.09999991451819457
33 0.6314646438749687 0.44546053 -0.3110234205594468 -0.41102332 0.18600411573966902 -0.09999989820810079
34 0.628788806779075 0.44546184 -0.6814569801217829 -0.7814569 0.18332696734159026 -0.09999990760023247
35 0.7847039453965429 0.7991647 -0.6910411922597124 -0.7510411 -0.014460767032503763 -0.05999992207057936
36 0.9186628908079518 0.79961824 -0.6754375838531455 -0.7754375 0.11904464663680925 -0.099999890397648
37 1.0019571279676596 0.7998836 -0.7022324405099437 -0.8022323 0.20207352391797695 -0.09999988456711317
38 1.0649861761232147 0.8000763 -0.6767251346870394 -0.77672505 0.2649098702569732 -0.09999991910019201
39 1.0993827744485356 0.80023366 -0.6618157649005927 -0.76181567 0.2991491123200871 -0.0999999022518121
40 1.1156758463799274 0.8003426 -0.7073631451810611 -0.80736303 0.31533322696082955 -0.0999998881136166
41 1.1407946495497874 0.79978806 2.055782346459993 1.9957824 0.3410065917456797 -0.059999971124299556
42 0.28116617024735846 0.7996822 2.061037064560304 2.161037 -0.5185160297076281 0.09999990367089717
43 -0.5588604153432721 0.79955506 2.05692911480569 2.156929 -1.3584154785909528 0.09999990130759118
44 -1.0331297443518948 0.7994232 2.039731799541461 2.1397316 -1.8325529621253323 0.09999984604264522
45 -1.2562502172353862 -1.2562828 2.038432203920972 2.138432 3.258916109816212e-05 0.09999982198845192
46 -1.352812947699824 -1.2562962 2.110264125459696 2.0102642 -0.09651678986291001 -0.09999996721079452
47 -1.3930917308471207 -1.2563064 2.055211669202479 1.9552119 -0.13678532101130525 -0.09999979137960313
48 -1.4057809946189601 -1.2562513 -1.6416110828573276 -1.5416112 -0.14952965947491714 0.0999998882467319
49 -0.7957284259291881 -1.2563083 -1.6914664669817596 -1.7914664 0.4605798912552601 -0.09999988834203188
50 0.367679992272939 -1.2563713 -1.6440236255966054 -1.7440236 1.62405125196227 -0.09999993588105571
51 1.1099175872109557 -1.256423 -1.6419752397933847 -1.7419752 2.3663405837319518 -0.09999994846192539
52 1.4460516126824035 -1.256455 -1.627795632358118 -1.7277955 2.702506557292999 -0.09999984932370576
53 1.5673644947582672 -1.2564819 -1.6571103362529394 -1.7571102 2.8238463806683014 -0.099999901822317
54 1.599026003049734 -1.2565122 -1.6977095052726652 -1.7977095 2.855538168119314 -0.09999995975419029
55 1.5925558425826905 1.5894976 -0.7908813658730547 -0.6908815 0.0030582763595459195 0.09999987516565723
56 1.5954512715570726 1.5894387 -0.7854412356082812 -0.6854413 0.006012594722966114 0.09999992043417838
57 1.5519959414935083 1.5894258 -0.8221865478212652 -0.92218643 -0.03742986073732668 -0.0999998864476862
58 1.4993819083932853 1.5894036 -0.7647048389869009 -0.8647047 -0.09002172090969318 -0.09999988913962499
59 1.442339521464015 1.58937 -0.8006456654217 -0.90064555 -0.1470304908193103 -0.09999988864400433
60 1.4020521980319232 1.5893507 -0.7746231642478483 -0.87462306 -0.1872985023464948 -0.09999989597859216
61 1.3672614177244606 1.5893474 -0.8094243552538417 -0.90942425 -0.2220859447938499 -0.09999989010367172
62 1.349680427634677 1.5893657 -0.9960747764843977 -1.0960747 -0.23968529311422437 -0.0999999238711321
63 1.3851848361728365 1.5893941 -1.0367120877091507 -1.136712 -0.20420925638697796 -0.09999986736134492
64 1.4250667590222568 1.5894241 -0.9705135224215143 -1.0705135 -0.16435737427852448 -0.09999996444066828
65 1.4388374104439998 1.4519997 -1.000448294147981 -1.1004483 -0.013162253862640805 -0.09999995662258776
66 1.4514145219217167 1.4522665 -1.023423064567358 -1.123423 -0.0008519327749385575 -0.09999991574117462
67 1.4650541070577576 1.4524179 -1.0155099225474613 -0.91551006 0.01263625656337286 0.09999986414444617
68 1.4734537271593209 1.4525137 -0.9912713250752367 -0.8912714 0.020940032396137287 0.09999991270264763
69 1.474440656290044 1.452395 0.8617528531092757 0.9617528 0.022045693979253045 0.09999991922196205
70 0.9082234501703871 1.4522672 0.8523229752841223 0.7523231 -0.5440437197820055 -0.09999988425400141
71 0.16685808912403322 1.4521224 0.8164129471199524 0.716413 -1.2852643607508447 -0.0999999260323059
72 -0.3669011708614941 1.4519541 0.9090122869315391 0.80901235 -1.8188552972195264 -0.09999993351128156
73 -0.7191388142681148 1.4517837 0.8033575437371139 0.70335764 -2.1709224713420894 -0.09999990680855553
74 -0.9125295958386234 1.4516025 0.817787167661124 0.71778727 -2.364132054792481 -0.09999990188353614
75 -1.0284586804213127 -1.0228341 0.8396773280954791 0.7396774 -0.005624617845018776 -0.09999989889626038
76 -1.1033374507803058 -1.0227087 0.2553837393764576 0.15538368 -0.08062879637661924 -0.1000000630859455
77 -1.0356111772479029 -1.0226386 0.2499356508695129 0.1499356 -0.012972617906472195 -0.10000004772772822
78 -0.9577295551748223 -1.0226122 0.23389699091812294 0.3338969 0.06488265891361766 0.09999991426566918
79 -0.892956622577533 -1.0226111 0.2623984280694583 0.36239833 0.12965451862730093 0.09999989832748385
80 -0.8555809317545918 -1.0226264 0.26262518610224134 0.3626251 0.16704546823930466 0.09999990616574878
81 -0.8315126636949107 -1.0226536 0.26358918919097674 0.3635891 0.19114091601700334 0.09999991879928816
82 -0.815357836282177 -1.0226912 0.2875619952046385 0.3875619 0.20733341356523516 0.0999998922980318
83 -0.8127049635596755 -1.0227435 0.45230698528473257 0.5523069 0.21003849995655988 0.09999990520293833
84 -0.8618574892264784 -1.0228033 0.4762188602293925 0.5762188 0.16094581735311142 0.0999999236260457
85 -0.9099540630969996 -0.9324134 0.5097761704142069 0.6097761 0.022459336122513385 0.09999990924048674
86 -0.9515095864162516 -0.9327518 0.4825701913953391 0.3825703 -0.018757811628348775 -0.09999989486938388
87 -0.9744178426597414 -0.9330719 0.4808777472993567 0.38087785 -0.04134593132474995 -0.0999998948594763
88 -0.9882686793949054 -0.93338513 0.5209585272533416 0.42095864 -0.05488354565161924 -0.09999988906211843
89 -1.0063796952952972 -0.9336838 0.47237236244780817 0.37237245 -0.07269588267704163 -0.09999991400344171
90 -1.0095610913759363 -0.93400866 1.3773145434970788 1.2773147 -0.07555243344365481 -0.09999988056372922
91 -1.14896546993032 -0.9343228 1.4232431648019161 1.3232433 -0.2146426955200722 -0.09999990441831019
92 -1.2524091252092489 -0.93462217 1.4164923390195816 1.3164924 -0.31778695666829426 -0.09999990070323639
93 -1.3097469918108868 -0.9349067 1.3560829424501817 1.256083 -0.3748402706957745 -0.09999993082298442
94 -1.3380242293476214 -0.9351849 1.4407919675541405 1.3407921 -0.4028393333553424 -0.09999990765576405
95 -1.358245499629077 -1.3441403 1.4065663807218414 1.3065665 -0.014105208415087667 -0.09999990389994196
96 -1.3693154634893077 -1.3442383 1.411719436099797 1.3117195 -0.02507718223930766 -0.09999989931848607
97 -1.3760618938110278 -1.344264 -0.4963737590131881 -0.5963737 -0.03179786335448487 -0.09999991824053506
98 -1.0493545550623464 -1.3442943 -0.5209457056739024 -0.42094582 0.29493975455374244 0.09999988248130598
99 -0.5028949139645859 -1.344322 -0.47158700257087477 -0.3715871 0.8414270522066788 0.09999990492606886
100 -0.058201173761442224 -1.3443427 -0.5027012575357741 -0.40270138 1.2861415348262042 0.09999987966712176
101 0.26740954078413914 -1.3443565 -0.5173525699246981 -0.41735268 1.6117660776493734 0.09999989353309657
102 0.49497375760995554 -1.3443649 -0.5282940026689106 -0.42829412 1.8393386391254585 0.09999988044982488
103 0.6512082441329312 -1.3443692 -0.49907103534998554 -0.39907113 1.995577417182858 0.09999990817370075
104 0.7427983519438593 -1.3455234 -2.7471350531611787 -2.847135 2.088321709335217 -0.10000001382490531
105 1.4847495981627818 1.4730587 -2.7572173489514755 -2.8572173 0.01169089760125841 -0.09999996290765534
106 1.5616145228320704 1.4754317 -2.7422518228371424 -2.642252 0.08618284215274907 0.09999985445335335
107 1.3088345525547622 1.477694 -2.7423873399854406 -2.8423872 -0.1688594820216538 -0.09999985941641487
108 1.0396699412975654 1.4798617 -2.7618688182397473 -2.8618686 -0.440191795000042 -0.09999980167907596
109 0.8278706072719414 1.4819307 -2.737408459008271 -2.8374083 -0.6540601254551094 -0.09999984520620675
110 0.6877335007285634 1.4839122 -2.7672995106139844 -2.8672993 -0.7961787288094004 -0.09999980769961425
111 0.586261511301062 1.4857152 -1.2073438542585693 -1.3073437 -0.8994536395320679 -0.09999986713120124
112 0.9941934988867975 1.4874251 -1.201875313030004 -1.3018752 -0.49323158999564876 -0.09999992062020358
113 1.3287577538398483 1.4890647 -1.1807257081207196 -1.2807256 -0.16030693961107945 -0.09999989021454647
114 1.500990445407207 1.4906378 -1.1833993795530315 -1.0833995 0.010352666171367098 0.09999984532756767
115 1.572420351205207 1.5593536 -1.171981747508989 -1.0719818 0.013066761193610388 0.0999999598274095
116 1.596398406694609 1.5603323 -1.176493234109823 -1.0764934 0.03606610841580049 0.09999985165590464
117 1.5996466800607505 1.5613818 -1.1737248313090538 -1.073725 0.03826486319673683 0.09999984618637314
118 1.5956086400227287 1.561883 2.1106736400536588 2.0106738 0.033725667305443574 -0.09999987868586091
119 1.012953398230795 1.5628595 2.1306824767182975 2.2306824 -0.5499061369864902 0.09999989632857753
120 -0.04372421308359004 1.5638101 2.1438044372160787 2.2438045 -1.607534323175753 0.10000001758738808
121 -0.774937955868508 1.5647593 2.177114876886889 2.2771149 -2.3396972103240743 0.09999999127717363
122 -1.1509783265786477 1.5655754 2.153246955280245 2.2532468 -2.716553687830479 0.09999982892996018
123 -1.3159705677466256 1.5663288 2.147718593627403 2.2477186 -2.882299331708418 0.09999997898917412
124 -1.3812559290441868 1.5670476 2.152580106296184 2.25258 -2.94830352502197 0.09999982114827421
125 -1.403563943138274 -1.3989356 0.27975982876371236 0.1797598 -0.004628386726530875 -0.10000002832959981
126 -1.347342625387235 -1.3988001 0.3076406862685507 0.40764058 0.05145750927157855 0.09999989009405919
127 -1.240692209549566 -1.3987107 0.25808791173210954 0.3580878 0.15801851814208434 0.09999989616164351
128 -1.1243775069128201 -1.3986471 0.25848633327476545 0.35848624 0.27426956301821015 0.0999999018669887
129 -1.0261662741844275 -1.3986027 0.27094582222261004 0.37094572 0.37243644989088986 0.09999989964209027
130 -0.955618501851815 -1.3985722 0.24598057040289412 0.3459805 0.4429537046453774 0.09999992481156816
131 -0.8969580023749223 -1.3985538 0.28404906251847684 0.38404897 0.5015958458916793 0.09999990603506625
132 -0.8666877314977648 -1.3985119 -0.8113395784213494 -0.71133965 0.5318241550989149 0.09999992588304984
133 -0.2938786921465305 -1.3984778 -0.816446635663738 -0.71644676 1.1045991005933375 0.09999987834714863
134 0.27377787953580657 -1.3984497 -0.8250462896980495 -0.7250464 1.6722275388833407 0.09999989344255633
135 0.6638226651051848 0.6401448 -0.8683106815485706 -0.7683108 0.023677840123495386 0.0999998962549915
136 0.9257413532468579 0.63987887 -0.8493349099781962 -0.9493348 0.28586248419015625 -0.09999989026518152
137 1.0826164821376651 0.63952243 -0.8370195074304754 -0.9370194 0.4430940488567203 -0.09999990031870065
138 1.174925114465058 0.6391258 -0.8273654588024545 -0.92736536 0.5357992904904487 -0.09999990384174107
139 1.2297104015651017 0.6389581 1.0047298255591608 1.1047298 0.5907523050608903 0.09999994605491391
140 0.5763885967872897 0.6390112 1.0196279606946188 0.919628 -0.06262260745541659 -0.09999993659336148
141 -0.13349222482447176 0.6390853 0.9827534091063321 0.8827535 -0.7725775176406339 -0.09999991770465977
142 -0.6015015073418047 0.6391195 0.9892533031207553 0.8892534 -1.240621013224068 -0.09999992520632661
143 -0.8803623158968477 0.6391617 0.9720596591383869 0.87205976 -1.5195240218676118 -0.09999989666051212
144 -1.040299525517458 0.6392742 0.9225533042011025 0.8225534 -1.6795737054529134 -0.0999999079761269
145 -1.1274831668148677 -1.1170046 0.9727523603331367 0.8727524 -0.010478533865038608 -0.09999993227832715
146 -1.1857318870153277 -1.1170282 1.613545828354697 1.5135459 -0.06870365062616757 -0.09999995757375224
147 -1.2804845725603626 -1.1170986 1.6345213820743283 1.5345215 -0.16338600269036752 -0.0999999215411862
148 -1.3396287989128544 -1.1171868 1.64628688768117 1.546287 -0.22244201416859166 -0.09999994710652405
149 -1.3706627419086768 -1.1172824 1.6208707117886796 1.5208708 -0.25338035131419434 -0.09999990700199746
150 -1.38587124667052 -1.1173842 1.6594364405267938 1.5594366 -0.2684870513427613 -0.09999988084966982
151 -1.3948132644749491 -1.1174877 1.634620196447508 1.5346203 -0.27732559548386027 -0.09999991141332831
152 -1.3992864620589933 -1.117594 1.6503901324203125 1.5503902 -0.28169245838162515 -0.09999988889003908
153 -1.402010739194626 -1.1175909 -0.9583736367346313 -1.0583736 -0.2844198349587861 -0.09999993370756843
154 -0.9947442102557456 -1.1175947 -0.9415587886504834 -0.8415589 0.12285050867735992 0.0999999149970715
155 -0.22321847054612906 -0.23500621 -0.9457587038997216 -0.8457588 0.011787742642042326 0.0999999081615014
156 0.4037204020478741 -0.23213482 -0.9740515697231 -0.8740517 0.6358552210786359 0.0999998796214765
157 0.8194695840417904 -0.22879891 -0.9700107090637553 -0.93001074 1.0482684950172465 0.03999997307513836
158 1.0689419832363143 -0.22466093 -0.9538226435746915 -0.99382263 1.293602916254045 -0.039999990645431804
159 1.2114856096618445 -0.21990913 -1.0047262672584056 -1.0447263 1.4313947411887915 -0.03999998529744153
160 1.3105543282754017 -0.21433367 -1.1537761209069317 -1.0937762 1.5248879966265751 0.05999989486323054
161 1.4076098451170398 -0.20763099 -1.1419854306186192 -1.1819854 1.6152408370527698 -0.039999947646761624
162 1.4664989975756177 -0.20125756 -1.1917769170083372 -1.2717768 1.6677565542524824 -0.07999987837893086
163 1.5085822564898226 -0.19535643 -1.1835254995238285 -1.2835253 1.703938685113022 -0.0999998481858273
164 1.5330168472037502 -0.19022864 -1.1441352553939759 -1.0441353 1.7232454882369228 0.09999992328643192
165 1.5426517713859045 1.5357771 -1.188118527177845 -1.2881185 0.006874679405924011 -0.09999995445820242
166 1.5529280893643826 1.5360355 -1.147126328028277 -1.0471264 0.016892551644656084 0.09999991563661448
167 1.5558724720664125 1.5362921 -1.2997603205696795 -1.1997604 0.019580395955572705 0.09999988355796074
168 1.5717996901705513 1.5365317 -1.2797948587573467 -1.1797949 0.03526800338771441 0.09999995118746141
169 1.5813195647911131 1.5367591 -1.295625859769279 -1.1956259 0.044560426683813326 0.0999999585470499
170 1.5875033494070943 1.5369737 -1.2866940870373937 -1.1866941 0.050529634578603044 0.09999994183475702
171 1.5907141005025456 1.5371759 -1.2723408341904365 -1.172341 0.053538206718976245 0.09999984507758253
172 1.5919133281187157 1.5373693 -1.2778602082627564 -1.1778603 0.05454407686749496 0.09999994825299074
173 1.5927941832266495 1.5375547 -1.2789890680385247 -1.1789892 0.05523944232088773 0.09999989605671322
174 1.593448792882415 1.5376036 0.041576481184529376 0.14157647 0.055845176167937494 0.09999998776002018
175 1.3860120205312765 1.36899 0.048736687237260226 -0.05126331 0.017022076073268666 -0.0999999972524618
176 0.9749723015909186 1.3691518 0.011118779473846846 -0.08888121 -0.39417952908229914 -0.09999998896653026
177 0.6368033824476793 1.3693001 0.06347405828703465 -0.036525935 -0.7324967445817396 -0.09999999322165073
178 0.3323465093152318 1.3693917 0.011468346712748857 -0.08853164 -1.0370451704485621 -0.09999998986498579
179 0.16595540905370193 1.369416 0.05245461979039737 -0.047545373 -1.2034605894051604 -0.09999999323018618
180 0.013044528633586908 1.3694003 0.04878916293115696 -0.051210836 -1.3563557341990546 -0.09999999850721439
181 -0.09642926431381708 1.3696783 -1.337466482117133 -1.4374664 -1.4661075232096912 -0.09999990086321375
182 0.55259173530809 1.3698788 -1.353676042473909 -1.453676 -0.8172870336128084 -0.09999994286239478
183 1.0727534410084953 1.3701046 -1.321675357391491 -1.4216752 -0.29735111030681227 -0.09999984783922189
184 1.3407907565636954 1.3703697 -1.3292308758885851 -1.4292308 -0.02957891621157316 -0.09999993332314583
185 1.4732953719927242 1.4695134 -1.3462583727912147 -1.2462585 0.0037819557024409978 0.09999987555305556
186 1.5396315310915223 1.4699011 -1.3222301285374578 -1.2222302 0.06973044619161994 0.0999999325383123
187 1.569152359806705 1.4702373 -1.333866179796522 -1.2338663 0.09891510471026943 0.09999984583503507
188 1.5841038264416751 1.4704032 -0.04281878240268489 0.057181217 0.1137006320141849 0.09999999917905589
189 1.4200849426973603 1.4705422 0.012088922025186195 -0.08791107 -0.05045724976174615 -0.09999999141834415
190 1.0669824085475172 1.4706507 0.004480875745373221 -0.09551911 -0.4036682643650804 -0.09999998630579039
191 0.7317281728153837 1.4707375 -0.026876212566611622 -0.1268762 -0.7390092844600069 -0.09999999263930573
192 0.5349840846538089 1.4708011 0.01125316295636557 -0.08874682 -0.9358170303822019 -0.09999998632682226
193 0.33447916428790253 1.4708512 -0.02496996822373278 -0.12496995 -1.1363720186497195 -0.09999998358471983
194 0.2539651294054974 1.470887 -0.018237480750192263 -0.118237466 -1.2169218163189899 -0.09999998486984862
195 0.20913042472321894 0.23586959 0.014954025171579972 -0.08504596 -0.02673916174452398 -0.09999998869735206
196 0.10272449994800668 0.23665181 -0.022466430858760066 0.07753356 -0.13392730807544606 0.09999998886981507
197 0.09301528565848625 0.23753008 0.002937895200271077 0.10293788 -0.14451479680573187 0.09999998197792107
198 0.04462327991844946 0.23841614 -0.006492883125197453 0.0935071 -0.19379285539267727 0.09999998674715714
199 0.03164785265588103 0.23926455 -0.043553222015424706 0.056446776 -0.2076166951689786 0.09999999780945394
200 0.06389980432378484 0.24014297 -0.020644714305283043 0.07935528 -0.1762431669534521 0.09999999142635009
201 0.08275880312885824 0.24105063 0.010997561390187087 0.11099755 -0.15829182767901834 0.09999998879930799
202 0.023206260058198154 0.23690554 -1.3594919581270466 -1.259492 -0.21369928493806345 0.09999991844656564
203 0.6498742208500484 0.23227417 -1.3297833614120582 -1.4097832 0.41760004615980184 -0.07999988272093739
204 1.1189358981858162 0.2276623 -1.3404713389826757 -1.4004713 0.8912736030827431 -0.059999990706350204
205 1.3673666828975009 1.3572421 -1.3092251573299025 -1.3892251 0.01012457550614343 -0.07999996798290265
206 1.4832712090118583 1.3578165 -1.3281260305932352 -1.2281262 0.12545475126344519 0.0999998623421976
207 1.5416558835878276 1.3580859 -1.2964904968056328 -1.1964906 0.18357001284502972 0.0999998513970024
208 1.5674408734624194 1.3582122 -1.3283191984392733 -1.2283193 0.20922864087269777 0.0999999111391634
209 1.5825320001448897 1.3583586 1.098359099327949 0.9983592 0.22417337854759967 -0.09999989598932602
210 1.1064485088266454 1.3584023 1.1332666404287577 1.2332666 -0.25195374337062026 0.09999995159699915
211 0.2635075336992401 1.3583772 1.1093885979134581 1.2093885 -1.09486968454722 0.09999989657811903
212 -0.3836041480592588 1.358316 1.1290581271333961 1.229058 -1.7419200927308895 0.0999999001340599
213 -0.783241582129886 1.3582242 1.0788362188059766 1.1788361 -2.1414657356485627 0.09999988844805174
214 -1.0049910253306515 1.3581195 1.1223453619477946 1.2223452 -2.363110513093103 0.09999987101576746
215 -1.1361432680548926 -1.1429079 1.1094843115834045 1.2094842 0.006764589840004831 0.09999990796768188
216 -1.2114123036554956 -1.1427066 0.7676133332577544 0.66761345 -0.06870567104135983 -0.09999988654526049
217 -1.2183639547006022 -1.1426342 0.7870566854692114 0.6870568 -0.07572980133451335 -0.09999990560776117
218 -1.2176426159032083 -1.1426132 0.7503207916143538 0.6503209 -0.0750294433720804 -0.09999990404874104
219 -1.2123484239284532 -1.1426253 0.7567299269332414 0.65673 -0.0697230920497911 -0.09999993072886515
220 -1.208579738775789 -1.1426616 0.7556952449238836 0.6556953 -0.06591816727310351 -0.09999992574816341
221 -1.2059494935902115 -1.1427159 0.8004965027427732 0.7004966 -0.06323356265149083 -0.09999988876343358
222 -1.2099472035087782 -1.1427834 0.8110315828459991 0.7110317 -0.06716380011217171 -0.09999990750725396
223 -1.215116010019029 -1.1428182 -0.2172184187846187 -0.31721836 -0.07229779750987375 -0.099999944500446
224 -0.896718667616968 -1.1428671 -0.21530341525337046 -0.115303375 0.24614842070090315 0.10000004042646235
225 -0.5177280573686363 -0.5125766 -0.1836827280940422 -0.08368271 -0.00515147732102883 0.10000001965183106
226 -0.2312480934838129 -0.51359826 -0.19942038443013282 -0.09942035 0.28235016977988947 0.10000003811045738
227 -0.0222326309772473 -0.51458466 -0.20233926091755616 -0.10233923 0.492352029552843 0.10000003043974626
228 0.12472294558150329 -0.5154158 -0.159829729759503 -0.059829734 0.6401387332783417 0.0999999954936987
229 0.2055559447447947 -0.5161023 -0.1719364801669162 -0.07193647 0.721658258740156 0.1000000069165271
230 0.26227507275506895 -0.5168439 1.1213107171761443 1.1813107 0.7791189877407256 0.05999993651037916
231 -0.2694233927570752 -0.51724577 1.1631695886088862 1.2631695 0.2478223767436572 0.09999993844494681
232 -0.7155671973598204 -0.51714146 1.1070177645908337 1.0870178 -0.19842573598744495 -0.019999990008924495
233 -0.9713819292335967 -0.5168917 1.1621486461353594 1.0821487 -0.4544902113228301 -0.07999997498515188
234 -1.1227676620546456 -0.5165602 1.1527005494765825 1.0727006 -0.6062074651781197 -0.07999992977901171
235 -1.2091542693591377 -1.2061439 1.1174223945514519 1.0774224 -0.003010413310553739 -0.040000014104064174
236 -1.2562033224569218 -1.2063262 1.1510562750421056 1.0510564 -0.04987707619532511 -0.09999989000182241
237 -1.2870485569888441 -1.2064981 1.381735710003028 1.2817358 -0.08055041093171522 -0.09999993214810865
238 -1.3228637042900664 -1.206661 1.428545516879507 1.3285456 -0.11620271834341112 -0.09999994650597177
239 -1.3489777932148141 -1.2068117 1.4222107220113476 1.3222108 -0.14216612672616669 -0.09999993328454093
240 -1.3643938789643284 -1.2069507 1.409817014464469 1.3098171 -0.15744321444406473 -0.09999993873509894
241 -1.3730715959797422 -1.2070794 1.3902257260938606 1.2902259 -0.16599218542676364 -0.09999986263713456
242 -1.3776039758240772 -1.207202 1.429565361560996 1.3295654 -0.1704020181214405 -0.09999995571535392
243 -1.3817900598016264 -1.2073166 1.3999806736065528 1.2999808 -0.17447342276244182 -0.09999991398588626
244 -1.3837218017928743 -1.2073638 -0.13127047997411145 -0.23127054 -0.17635795787502762 -0.10000005680624591
245 -1.1658813184828807 -1.1668067 -0.1692956058121846 -0.0692956 0.0009253793625783047 0.10000000575553636
246 -0.7901081838683625 -1.1676562 -0.18903871468981664 -0.089038685 0.3775479993744354 0.10000002972563665
247 -0.44022898524745824 -1.1682701 -0.10787494521491353 -0.00787496 0.7280411258365261 0.09999998513512437
248 -0.21193931529013518 -1.1688242 -0.15680545907159862 -0.056805454 0.9568848805716812 0.10000000487705288
249 -0.035769126888635545 -1.1693597 -0.15604635883533685 -0.05604636 1.133590557101843 0.09999999959432809
250 0.08937966775153826 -1.1698911 -0.1541694007760289 -0.0541694 1.259270786754834 0.09999999924957778
251 0.17423112022200904 -1.1693764 0.48853257579737996 0.38853267 1.3436074935130247 -0.09999990744525289
252 -0.16570575259539502 -1.169122 0.4889823304917143 0.38898242 1.0034162280717192 -0.09999991529243452
253 -0.46532590359738596 -1.1688759 0.5197291094880139 0.41972923 0.7035500290960954 -0.09999987669992794
254 -0.6700713881295779 -1.1687844 0.5035043251223723 0.40350443 0.49871299182952855 -0.09999989387466113
255 -0.797422648130216 -0.7892044 0.49011794589096724 0.39011803 -0.008218229471005811 -0.09999991319710433
256 -0.8749884718363099 -0.78983533 0.4835740821163166 0.3835742 -0.08515313801215219 -0.09999989436073187
257 -0.9232033687648109 -0.7904862 0.46844499327192474 0.3684451 -0.13271715221970593 -0.09999989487180877
258 -0.9510387478991943 -0.79104996 -1.0275295517526342 -1.1275295 -0.15998879062380367 -0.09999995016234386
259 -0.2868180743634726 -0.7915865 -1.0218896575376428 -0.9218898 0.5047684439241861 0.09999987558573853
260 0.39195560325436773 -0.7920826 -1.037676436453818 -0.93767655 1.184038211000492 0.09999988749599331
261 0.8440772648269089 -0.79253733 -1.0297011135787075 -0.9297012 1.6366145964080245 0.09999990451040919
262 1.1088468806811402 -0.7929536 -1.0195845079738788 -0.91958463 1.9018004911013673 0.09999987605401794
263 1.258716468890743 -0.7933347 -1.0322426749880786 -0.93224275 2.0520511914096637 0.09999992386655765
264 1.3495733295803938 -0.7936857 -1.03584210775746 -0.93584216 2.143259004247752 0.09999995134724271
265 1.40538551922116 1.3842118 0.3836752989938075 0.4836752 0.02117374058041288 0.09999991267420705
266 0.9417728481790755 1.384151 0.37130875811417746 0.27130884 -0.4423781337240007 -0.09999991879304099
267 0.36825964297529135 1.3840857 0.40151962817739156 0.30151972 -1.015826012237111 -0.09999990643094686
268 -0.07872304811112754 1.384042 0.3930439649701954 0.29304406 -1.4627650727235544 -0.09999990450152169
269 -0.3770403676493525 1.384016 0.37891879108481363 0.2789189 -1.7610564046366572 -0.09999989893965677
270 -0.5647997011829246 1.3840034 0.3717695050331809 0.2717696 -1.9488031019855367 -0.09999989200560827
271 -0.6828534523940003 1.3840015 0.37079879580684916 0.2707989 -2.0668549458479797 -0.09999990402408854
272 -0.7590107091094808 1.3843513 -1.0000981865237317 -1.1000981 -2.1433619626190024 -0.09999994656342648
273 -0.12454903942036205 1.3845983 -0.9806854378335722 -1.0806854 -1.5091472945778328 -0.09999993928739948
274 0.4814542053627644 1.3848977 -1.0116234289536388 -1.1116233 -0.9034435035300579 -0.09999985824728896
275 0.8840114279116831 0.8925706 -0.9948871736961942 -1.0948871 -0.008559186903075222 -0.09999996371683073
276 1.1182654134940304 0.8926196 -0.9982091019576955 -1.098209 0.22564580366126674 -0.09999992151795145
277 1.2558373738256048 0.89268637 -1.0377188528588595 -1.1377188 0.3631510067906927 -0.09999994387118205
278 1.3480427066389 0.89278054 -0.9744525690270379 -1.0744525 0.4552621642652428 -0.09999995038977116
279 1.3905471073305335 0.8929345 0.8591888025991526 0.9591887 0.4976126061594215 0.0999998971231374
280 0.7970550387909667 0.89316833 0.875777345917849 0.77577746 -0.09611329140159919 -0.09999988677325666
281 0.07276817786858776 0.89337504 0.8675251695020431 0.76752526 -0.8206068612320592 -0.09999991382195883
282 -0.44074274457828844 0.8935314 0.8903558048591188 0.7903559 -1.3342741266621814 -0.09999988406749283
283 -0.7618054989436964 0.89367795 0.8847610826883301 0.7847612 -1.655483448849092 -0.09999989227390138
284 -0.9524656700081904 0.8938162 0.8819611212997961 0.7819612 -1.84628184308482 -0.09999991867833613
